"V1","V2","V3","V4","V5","V6","V7","V8","V9","V10","V11","V12","V13","V14","V15","V16","V17","V18","V19","V20","V21","V22","V23","V24","V25","V26","V27","V28","V29","V30","V31","V32","V33","V34","V35","V36","V37","V38","V39","V40","V41","V42","V43","V44","V45","V46","V47","V48","V49","V50","V51","V52","V53","V54","V55","V56","V57","V58","V59","V60","V61","V62","V63","V64","V65","V66","V67","V68","V69","V70","V71","V72","V73","V74","V75","V76","V77","V78","V79","V80","V81","V82","V83","V84","V85","V86","V87","V88","V89","V90","V91","V92","V93","V94","V95","V96","V97","V98","V99","V100"
0,0.380737304633639,0.184446363509605,0.434602175440578,0.202041575175466,0.143551727138618,0.18374481248781,0.327388513692492,0.16199845582984,0.239613432383192,0.12612035848173,0.201218883218636,0.137420020777773,0.138706054083488,0.135911834857141,0.172644357669148,0.169207164932458,0.261888413938089,0.18713228986535,0.101574375005731,0.139636852468667,0.291625903974189,0.54760708047206,0.511273382079185,0.458613761725742,0.173874376436591,0.175175728957522,0.207629347362124,0.524244555180145,0.156951252660688,0.150091574160041,0.191971398876661,0.15331655505584,0.205838447054052,0.167930070256487,0.243474152508334,0.570236697463303,0.213370870609743,0.132803797070144,0.187023932152019,0.13272052875606,0.240918078695547,0.142545846205216,0.226404861570456,0.173630420587512,0.235039416031832,0.355072872543787,0.384583106835029,0.2298720439235,0.219774529397319,0.175945577237511,0.22349646828663,0.208263500852415,0.236271248593372,0.243336700146637,0.202163669381067,0.218923308818852,0.179290231190655,0.263985661803492,0.295286128839423,0.328882707734404,0.476445138988032,0.12600786401653,0.215199758971686,0.191182175967926,0.222942049866907,0.302793703682784,0.309268177931555,0.450514906219311,0.560182474949732,0.592736921218322,0.614357773728639,0.612003052072768,0.631200601109514,0.286515523701735,0.503912823131393,0.612697676419246,0.137400530456286,0.164601534555462,0.115101378164113,0.192668952436124,0.140130584010235,0.141974460264446,0.156923244894162,0.172711346749756,0.164676823021932,0.285829161322399,0.132902660004714,0.616381220571914,0.197502812799059,0.149234635931173,0.146530394975984,0.207542096999939,0.14780676649853,0.257439009735298,0.171922118470128,0.140343167432154,0.216873469382936,0.191192994400481,0.144445028094487
0.380737304633639,0,0.218283669330553,0.309747942450216,0.269570956158998,0.301323297012084,0.234321627310369,0.359490075248891,0.15524366006933,0.207839716513214,0.219265577356984,0.231197174627122,0.228864998148476,0.332270123337816,0.343377645580609,0.243803905400656,0.221353356651486,0.204287700866567,0.244430307887413,0.177560070834796,0.144309854493584,0.208622685843944,0.35512429370854,0.353385464050806,0.311592924578671,0.173425052832166,0.186310428686668,0.176922486706338,0.347377155281359,0.220966682048555,0.188651012412199,0.205939382886747,0.252637650741087,0.225909604791915,0.153348065819331,0.231695654886849,0.366024324003787,0.142154382184626,0.132553388757713,0.185612487611928,0.221926316008311,0.172376989657296,0.162340804241256,0.223657445122782,0.219989249202479,0.223674459291278,0.228904759761381,0.311237873247283,0.186532960208898,0.289497330101676,0.166508992028501,0.200822592880386,0.208505475461194,0.22897237087581,0.188014563907359,0.21425322033282,0.245982502245086,0.214174182280858,0.251117201841585,0.224204017565472,0.240854805251735,0.271873546283092,0.149996397781942,0.156011816745887,0.20033594309645,0.160487470324571,0.206803608911578,0.242079911512378,0.312101180176655,0.37284434146432,0.407763212020198,0.393731387660146,0.404165764717258,0.417237724040901,0.232095978302647,0.318362852174137,0.390254163929377,0.148676374392375,0.131106125873342,0.129852873861961,0.159188106519874,0.209173252833273,0.211194830842547,0.171796929752087,0.147537226713355,0.171651994750216,0.175737848067935,0.184257138758176,0.398336593043136,0.1889141335086,0.166385384908035,0.155088302501156,0.171599384489849,0.234867661708232,0.175661379585174,0.15179293322619,0.168505762379649,0.163099351045601,0.15826754755479,0.145415493581853
0.184446363509605,0.218283669330553,0,0.22925392715147,0.252592468580176,0.433341817179399,0.243432269272175,0.206510385937213,0.210769150392079,0.169623458610326,0.279913132953555,0.213558936809556,0.290629468816611,0.419634323062555,0.434964187425156,0.282117459882645,0.252865089066151,0.286930108313617,0.270767786058493,0.230044053296809,0.182168579945775,0.216047850944677,0.231756972143332,0.24743362394297,0.175915578138928,0.155562722901225,0.2253705228755,0.151984064873424,0.222024124853538,0.210476816726139,0.211263808019957,0.219338202572883,0.226688881882768,0.234921553828683,0.183406813354799,0.164917442778278,0.179581231884431,0.177601091519334,0.173284116777171,0.143982888016416,0.188954692699008,0.183225738224308,0.178194176615573,0.171939513578548,0.154157478624686,0.159124009701432,0.255251981228018,0.189123535506687,0.189262808809383,0.223047104496824,0.199606036837342,0.193299996121794,0.20094823381334,0.175049695702838,0.216313623239415,0.210508537512664,0.181460109108737,0.225821813081902,0.158580788055113,0.153497835059201,0.139119911748011,0.233712450618282,0.236570001517753,0.227907055676464,0.21213773784906,0.190466531657669,0.262368608675708,0.200656580507564,0.188237295594758,0.15175678129507,0.223354794701596,0.139651441079543,0.154682082270574,0.152742459493168,0.197275378100442,0.154884493219039,0.131296152982436,0.152582376785361,0.198356712853764,0.136946135000885,0.191723494425466,0.167663059386106,0.189839107313377,0.175174431440458,0.173369829022157,0.171413723099312,0.228148224426637,0.262426896029349,0.141529446165653,0.187422780230274,0.244627629495838,0.226933303935945,0.17079537795569,0.189059862347487,0.178684500897419,0.169636986908302,0.19943690489866,0.173132631046556,0.182855397029141,0.158912261243781
0.434602175440578,0.309747942450216,0.22925392715147,0,0.278335264886619,0.305891465704184,0.229203412952118,0.340733630182578,0.333911292696355,0.190196840006885,0.28211958520829,0.235473250566676,0.299863395653887,0.313217913768943,0.322973302961291,0.303197826623439,0.303341873927674,0.176429496349274,0.225294477373153,0.188222276185476,0.197657967007904,0.18955024791819,0.454926332191571,0.424575501639887,0.551433551312429,0.153544251369321,0.214552105531517,0.211522881483578,0.47943109348808,0.159852416392625,0.14446551614852,0.156230976555259,0.196278522247609,0.18382116282541,0.212626082692241,0.254086103063848,0.454875691760939,0.317272813075992,0.337206459652639,0.204618139417379,0.159745688716779,0.229851522036712,0.217031167686925,0.168159306256316,0.208062398691918,0.195087283853794,0.29878284702041,0.32110157953666,0.254820298631533,0.159603163509014,0.172929234452337,0.183289108787424,0.194942590913413,0.159291383184291,0.192048164814116,0.153585325331267,0.199315397094603,0.225361680185873,0.196808596327474,0.262627605873245,0.241487017650975,0.312212999770957,0.145445038396251,0.200322832019395,0.170750839333589,0.214168800717671,0.209616060057302,0.283215571657364,0.370602207776152,0.492457482816794,0.467728637254406,0.509260577102959,0.503927036417153,0.502454516410994,0.285243683134203,0.426330687714651,0.515819322444936,0.13665189898842,0.143250352772061,0.152043305033615,0.23746230486014,0.167750141062834,0.175050480954947,0.222579268576917,0.255098614037711,0.295336131904403,0.293595297149941,0.242153330772802,0.501851535202758,0.164565974027928,0.198344421497647,0.203704462579613,0.279338700201146,0.158342519304476,0.283892490977012,0.18766533780723,0.162271683181471,0.212504536250679,0.157877509436759,0.169947159324885
0.202041575175466,0.269570956158998,0.252592468580176,0.278335264886619,0,0.466771804168121,0.251801406063805,0.269934727868861,0.221554350745435,0.224970420563214,0.345845458201348,0.24479217316085,0.435475295913865,0.489425911450201,0.532686002534633,0.356141697553658,0.334171451087623,0.199036529862049,0.300635318813562,0.324356109611662,0.211083556538763,0.248522012344626,0.343598002668489,0.209873599933562,0.264798738351979,0.191013970411382,0.14645665509898,0.192224784117471,0.307921290375114,0.21998066952099,0.166157369848698,0.212675763707932,0.153743839714838,0.164932418443484,0.210914997137238,0.176239169609138,0.236517566563349,0.184082987642652,0.212187277162639,0.222536911206694,0.181232462193764,0.182009834189404,0.183420545824839,0.187745185589774,0.174321808650817,0.198312231018932,0.225775143539702,0.266657763114189,0.176222781009112,0.18094422739877,0.194234782284344,0.146487820019089,0.216359130303136,0.160574795513549,0.185175426819538,0.171318876218337,0.209438302340809,0.16767370152367,0.23528534612236,0.222732142014215,0.220612446894106,0.231053048605582,0.266342503100702,0.179944327356683,0.223509606694402,0.192349645082321,0.16770332037153,0.206035092681943,0.204510193126118,0.220146609102487,0.263196627017044,0.263233044797734,0.268050497445005,0.259111774234511,0.201350217120208,0.227909318562635,0.272107178007037,0.288108960099307,0.307030042794008,0.277046565233117,0.186652464361002,0.223853848674791,0.153478574839591,0.223535068171652,0.191679153543453,0.254552284276008,0.200666426758664,0.210915529619057,0.285333431138927,0.141845993904645,0.211826109886987,0.169988177078552,0.177989050859615,0.214142295974883,0.193926900058981,0.192496808509586,0.150009903692068,0.212893507905551,0.233868968289164,0.196501214894093
0.143551727138618,0.301323297012084,0.433341817179399,0.305891465704184,0.466771804168121,0,0.409172770076003,0.325626824879636,0.198094763440377,0.256414094215245,0.461615710147266,0.317058829072926,0.553892507479741,0.770359573971236,0.815984407952149,0.546115999730806,0.402260699310671,0.169198606179467,0.458769416808065,0.424124472818185,0.14698864102291,0.285454599033595,0.199247300063337,0.144567069611842,0.147118003770204,0.139413229807235,0.170568176568619,0.206026830909841,0.154771541630708,0.155970555018988,0.15433708324442,0.20761938861222,0.198645618977473,0.149488159961836,0.15857222650559,0.194984431545475,0.157311579576624,0.244827951389121,0.204903122717019,0.180765207751594,0.162017627385643,0.15492423605934,0.273389176424284,0.194233437865567,0.177047864876045,0.206149585254018,0.167356115762341,0.166517771686679,0.182280281892955,0.15801386766975,0.192888958490385,0.143734111401042,0.207175091524618,0.154779088799524,0.166144964249381,0.234987838805873,0.179917627704691,0.194119660918155,0.173681924743887,0.139401030959974,0.142849466743255,0.150608621734138,0.181873092360021,0.239190123720873,0.17666842722191,0.200465093903218,0.138574454020397,0.158161205681986,0.130146377958118,0.111940256919882,0.14074238023616,0.09836474392257,0.124053315887683,0.129271211906497,0.192003994705842,0.12917620577467,0.116813671314491,0.13727206355821,0.159908824028264,0.116975199514392,0.215380437255157,0.148745128293606,0.183384884125929,0.146284863700242,0.191542821478148,0.172637988415001,0.221135224891874,0.1847492583414,0.137513190854555,0.191437697455899,0.139559109232932,0.181615014053666,0.162628065269212,0.173365791015916,0.159910171258851,0.143019159487877,0.141677914269725,0.183970770858829,0.162782460637209,0.20611164030186
0.18374481248781,0.234321627310369,0.243432269272175,0.229203412952118,0.251801406063805,0.409172770076003,0,0.201511995382182,0.138686343715526,0.175547383926125,0.236164021567605,0.189331482786705,0.285312461928971,0.4228203924064,0.435243690862383,0.271866534544521,0.232339107535784,0.133974769820432,0.284122579358336,0.226057269587326,0.172926208057891,0.225098217779797,0.168485037357874,0.167288960393903,0.186754646353317,0.180878976506682,0.186343292558239,0.189206915112894,0.230859538834899,0.175409500586775,0.155037071173707,0.17744600173087,0.170537711621729,0.152816207666091,0.171199158319692,0.221210739342303,0.181758400161513,0.164933822001674,0.184992368187979,0.154348747108438,0.204515160119657,0.162746677478442,0.238144866452545,0.228128124763201,0.208654178083348,0.22229254997766,0.194306082239602,0.18157018212066,0.169455303429591,0.204953537799341,0.202101041153129,0.200081865530821,0.208938489870602,0.164531857448276,0.145205784503281,0.177787396528706,0.2179469516667,0.190791065696573,0.1815529624205,0.159781521062188,0.147865540411638,0.167790395081898,0.19462909809365,0.186775394196256,0.145762481932455,0.19449802121268,0.170647081580512,0.158673847425691,0.139971698782729,0.123694046752267,0.208917095185172,0.158424526586618,0.174979231059406,0.17318408872661,0.172235607726037,0.245849125237726,0.16492761278583,0.158000673790054,0.14137469104758,0.122932390309738,0.144510435586032,0.175672840956984,0.166500186232755,0.15297424152273,0.221294941877721,0.14177213825982,0.17620787867407,0.175633605095842,0.174292805886341,0.18167558862968,0.180038420444499,0.148179789438448,0.162789993357233,0.132776833356447,0.258012367633618,0.215400380300808,0.145767073603353,0.168424373358836,0.158953288968689,0.132473027198562
0.327388513692492,0.359490075248891,0.206510385937213,0.340733630182578,0.269934727868861,0.325626824879636,0.201511995382182,0,0.176433152167126,0.211477224798899,0.225820138014309,0.233535881080522,0.259907698373078,0.372894193754518,0.36181865908174,0.352968602810746,0.256796163708526,0.235304338009308,0.24760608984735,0.260282894840383,0.203796915533238,0.22542270527729,0.424616942883699,0.371831651812852,0.357566117003164,0.166610079292224,0.144046649616812,0.186372216097272,0.446009565850919,0.149850757483672,0.167066686509221,0.139060507275764,0.169180227808898,0.206371029220941,0.211728090444564,0.304297857234533,0.407882412208316,0.178087901361337,0.175322387392288,0.281888359737322,0.152175209514598,0.170989413177602,0.205736776147592,0.192871878057337,0.150518583248475,0.230030267255658,0.338342997033611,0.315288828780889,0.20197018223666,0.241602756381871,0.188602275415877,0.209872497730405,0.236733694953437,0.17372801567162,0.198442068941784,0.227222732413343,0.216778388042303,0.182715728445368,0.205091970756268,0.241070777013889,0.243213316836548,0.303169767375685,0.212981701132802,0.176105741635231,0.167496515250415,0.207934809071751,0.251943722512147,0.342008877536598,0.381410074341697,0.423721346374973,0.428492532144851,0.462447106297567,0.459734622160021,0.465772381622353,0.279303418517841,0.462317962843686,0.46908510935336,0.163914087866735,0.201108072687344,0.152063557227361,0.340237401375044,0.197657589258044,0.201552976364998,0.214237536723979,0.2118911658889,0.167379374326342,0.20362241792323,0.154789752810774,0.464458611602129,0.16402999413177,0.143623478953579,0.172560653428913,0.215707350443805,0.212383379947374,0.146654301079688,0.179830150971505,0.181968770928954,0.188519036854225,0.150344975883539,0.155347083177439
0.16199845582984,0.15524366006933,0.210769150392079,0.333911292696355,0.221554350745435,0.198094763440377,0.138686343715526,0.176433152167126,0,0.165721825371401,0.677584407102402,0.444623983969237,0.622510616714245,0.147213540194526,0.174286245564359,0.357134943426586,0.491217938699303,0.206392934218947,0.364039578351679,0.204945980987754,0.16634049258397,0.189892025180962,0.194251672471692,0.162525589282661,0.481783188197424,0.207524204444772,0.171655021833491,0.134398150677394,0.26396354525219,0.189585594851294,0.161749542253074,0.17592373212284,0.180342709859908,0.176150061732322,0.161051008247949,0.170303923609126,0.172466885991201,0.724381869520568,0.796324672796669,0.22638115963928,0.147312625013543,0.219440108754817,0.157067101226711,0.141625615380913,0.206125189717702,0.201348442600525,0.17709893870842,0.155573425136562,0.28020241326885,0.190271521677355,0.186221423272957,0.198541076694796,0.210380769295409,0.136642528550237,0.145473655909231,0.170910251843144,0.18723964552851,0.471939329618969,0.132386855518616,0.182750901619528,0.128878329902641,0.177326662695598,0.187818831690321,0.222622543916754,0.221605594780923,0.277902833519848,0.181812761951664,0.19883361957534,0.244512975575563,0.181809414294911,0.202952759306229,0.173549685123007,0.179389137357257,0.199929219117352,0.171471566096517,0.206147783502182,0.17891698258943,0.144793847740435,0.207681057053425,0.142881700784317,0.150012256808245,0.192881138098327,0.345678084512457,0.432668975935613,0.620318246267632,0.261166852767719,0.681953868134789,0.588170473836897,0.182544661072169,0.190632581239092,0.181042611681267,0.252230623725126,0.230452989210093,0.172308394057323,0.173132651966185,0.202474510144044,0.200167694768474,0.150942367516928,0.181751317777344,0.13061889455432
0.239613432383192,0.207839716513214,0.169623458610326,0.190196840006885,0.224970420563214,0.256414094215245,0.175547383926125,0.211477224798899,0.165721825371401,0,0.227838722203493,0.179958843412503,0.265575861410614,0.30014524868198,0.296294246640406,0.207818021858113,0.238526972694288,0.217247293705685,0.227949055463564,0.308646832519454,0.152506579945872,0.230264618754767,0.267162927257236,0.273290320720248,0.222602532385057,0.12821512354606,0.189291218154209,0.183930324153986,0.271692987717703,0.18682045805484,0.223744180831901,0.189973712954707,0.158097296431919,0.229107655776682,0.172188493456698,0.175992377886829,0.272006565974133,0.15653445907624,0.178162437826724,0.16566929002347,0.155884079108451,0.186260277431166,0.145572654160601,0.2888319853076,0.214955003955016,0.197711878204904,0.195804016703944,0.226570824718244,0.175054683088272,0.220622462362007,0.165379160189592,0.219956581843218,0.175174029958984,0.18298705466287,0.202790311482533,0.212271775303653,0.207344435637945,0.162020449274421,0.254957739014047,0.253813349130029,0.275743316316396,0.184306332432359,0.225105304883607,0.213443469463483,0.145336339092208,0.190945975127417,0.203170298527059,0.229120252737128,0.197635063360796,0.22206897760532,0.251151145566058,0.250237682342712,0.265093185803192,0.250700567501579,0.228524820369094,0.208835504860355,0.273985641101232,0.273198210621066,0.252134089907482,0.223098983069495,0.159438071762244,0.213151584209592,0.180466240597255,0.161402135541697,0.152631426821457,0.14376731672027,0.157097471886393,0.158605342366489,0.261542094108711,0.174806856591594,0.198193789886696,0.170340785467557,0.211615891744449,0.174884663489776,0.208764969480707,0.220079131687436,0.144136138591768,0.160709268958861,0.142917268024735,0.19176767514104
0.12612035848173,0.219265577356984,0.279913132953555,0.28211958520829,0.345845458201348,0.461615710147266,0.236164021567605,0.225820138014309,0.677584407102402,0.227838722203493,0,0.573925840954823,0.847178322056639,0.489936406534021,0.523038546427247,0.374765239804878,0.45237047209822,0.280204759096767,0.599077138312052,0.402793064639428,0.15108824663393,0.256769561068476,0.167723114594323,0.144811801592135,0.377007999374329,0.190991326151799,0.196187251347745,0.157927304293991,0.148666884228073,0.168971031380407,0.155417183513871,0.160232221617996,0.157703833276288,0.163828478475295,0.179128929642699,0.161992190345,0.160247366160935,0.608650887669486,0.681266672385973,0.166108723931664,0.16665380039672,0.297751243176091,0.13644127938864,0.128438328496617,0.149752128096015,0.260319396891304,0.141554749761519,0.125410920780937,0.286265965188928,0.147509167866507,0.20755945477747,0.179626025824128,0.182257001872663,0.12963821514635,0.149066209643234,0.16165995278359,0.186155583476399,0.437193424670149,0.154159900866532,0.156357376956032,0.118287826709399,0.168927447277291,0.122378104386325,0.164908489386276,0.16819178594339,0.207980685523532,0.128551842276638,0.196934154681988,0.175244809711038,0.0946396544591748,0.13119810097385,0.109449587556089,0.0988328750243758,0.131151354389983,0.150324997847873,0.114695133210428,0.101119570241444,0.151433580473298,0.178970921474974,0.115547205647127,0.169782238160615,0.149080374637489,0.320527588601901,0.331941146731901,0.515221795856122,0.195133350608981,0.614526061200821,0.525424707355401,0.105485412291136,0.150599523966682,0.188774677227941,0.163901947952631,0.141579275604644,0.196315939151354,0.184910828744478,0.131417969862578,0.165224132392516,0.172119904188748,0.159012350824879,0.184388188222337
0.201218883218636,0.231197174627122,0.213558936809556,0.235473250566676,0.24479217316085,0.317058829072926,0.189331482786705,0.233535881080522,0.444623983969237,0.179958843412503,0.573925840954823,0,0.553202283956144,0.338328092536463,0.354462988941269,0.269190575210617,0.325931033547333,0.217741528460035,0.405546407840938,0.24169939128244,0.248274469022224,0.231417330505743,0.218573315111018,0.18702195239925,0.250395058545665,0.170749730080504,0.176711914470517,0.167010728003741,0.231204540696461,0.183681536274021,0.157542056130744,0.142854057791027,0.151211922214953,0.181847560344676,0.193263226657868,0.198986986242436,0.210780584148524,0.451982478288165,0.456888658495338,0.260722014996004,0.183071339462126,0.211401008825595,0.161373697677328,0.146396112269711,0.204657639749302,0.26477926997687,0.170228809628905,0.176790429403154,0.27531923688106,0.230238531020777,0.208566729157977,0.229239826224895,0.189446376680396,0.141434863500723,0.222765229847742,0.172745452564909,0.201890739907484,0.293966612437014,0.181198831201602,0.265916477384003,0.201793714402476,0.164728618040352,0.197749096894623,0.155714477456922,0.150020002821262,0.247616826843134,0.200006990254671,0.152941044750202,0.235087357892428,0.231083416486076,0.200788545976914,0.192572935787422,0.211160463051969,0.205001361555017,0.20605154555292,0.208196201341942,0.212411441820947,0.151354100244645,0.152629845989981,0.113113046287205,0.167862565187912,0.19638627643236,0.262301384515649,0.292975393037253,0.358063769337475,0.195452736337224,0.418220035701001,0.354143595320125,0.20017080783024,0.169735209907237,0.147099032397837,0.209073649557103,0.195974428206042,0.195545484436643,0.212562325792535,0.176252278851894,0.183788853169661,0.219201654180114,0.183936188794123,0.207369150563984
0.137420020777773,0.228864998148476,0.290629468816611,0.299863395653887,0.435475295913865,0.553892507479741,0.285312461928971,0.259907698373078,0.622510616714245,0.265575861410614,0.847178322056639,0.553202283956144,0,0.600271369939505,0.632602668263303,0.397216703022942,0.449891652341359,0.250558619330167,0.497774107721155,0.37078541415734,0.119978382425173,0.319035315599302,0.175518271739789,0.117967786994445,0.345233407093139,0.160964644025882,0.14848969049984,0.157222158563638,0.136726700794501,0.171590244889291,0.131188476028313,0.156295966734733,0.132255884540476,0.14666003799407,0.162731495003865,0.143102750205849,0.13369551921025,0.587918248387163,0.606523053570684,0.210812699781867,0.148212872803247,0.254412229322229,0.111778730422453,0.15663371151909,0.177096762700908,0.234563912937463,0.144996247143865,0.134178116467621,0.220386039480751,0.161957090851142,0.176945821179728,0.198923687188996,0.168340759802237,0.180648472271416,0.131581819916501,0.141729075337777,0.196699173321334,0.356507451398433,0.138193026398518,0.143553754561408,0.0947288087451274,0.140603361084512,0.129870819109796,0.160893267318695,0.18708471819867,0.215832974962213,0.163716972095999,0.144769749264185,0.148760847124883,0.0870379584311609,0.15954766760616,0.0940719797414287,0.0959073416088853,0.121871255202493,0.182248977602473,0.13364324787906,0.087853660412319,0.130586925534555,0.137617504384728,0.108697172505582,0.191573545472549,0.145196718258869,0.264456938427333,0.41175606677839,0.461137623420229,0.198672132357279,0.547277416764694,0.481229546589554,0.0923348567663654,0.174295181228797,0.129165197070176,0.19656646196294,0.158243806583235,0.192488508709707,0.168746900113704,0.137936975555675,0.164650240329716,0.167491815387442,0.175479394056518,0.139943031397073
0.138706054083488,0.332270123337816,0.419634323062555,0.313217913768943,0.489425911450201,0.770359573971236,0.4228203924064,0.372894193754518,0.147213540194526,0.30014524868198,0.489936406534021,0.338328092536463,0.600271369939505,0,0.880278056789163,0.533122085431994,0.411111426882535,0.150609913644147,0.485378940879175,0.445500849805293,0.15705077959667,0.301766507880956,0.187068822168758,0.117627652806743,0.12563325245675,0.132442552631214,0.151642702278587,0.150211567998964,0.12474657291422,0.142246230605042,0.178784164919671,0.162194816775878,0.140647661954114,0.128838659302812,0.152194468920683,0.144625933357496,0.179742801086673,0.134768410389419,0.183439761719005,0.204455546848755,0.196757896564299,0.175842111892439,0.167732285916336,0.209421563574473,0.175547008794627,0.311892748900919,0.201836829108708,0.192572014679906,0.187908057051765,0.166641894674483,0.160217278550772,0.138097737916487,0.213001404405526,0.154000597981639,0.145215230681315,0.147381605116201,0.230952041253714,0.132369376155615,0.170952633751141,0.163741969536362,0.150467590001778,0.16904291830345,0.167053931080907,0.217449898391067,0.167366929522438,0.162207864276098,0.164032250830071,0.195877611352202,0.14058177757797,0.082137916317565,0.146139806850781,0.0782274071424785,0.104946778924554,0.106563446920984,0.123169569401535,0.134020909154333,0.0859451284983811,0.155364837103836,0.156906922844982,0.119905425123508,0.162712250428148,0.133945809033365,0.228515693830959,0.15470499208316,0.145041687339621,0.162121713929184,0.186942086833829,0.180690773438709,0.118932937999413,0.196198431377171,0.182274623535953,0.180701860303376,0.154976335772675,0.167269040300213,0.162970032256074,0.204404194903984,0.138246853514707,0.1512269992955,0.140594358356528,0.1502052703629
0.135911834857141,0.343377645580609,0.434964187425156,0.322973302961291,0.532686002534633,0.815984407952149,0.435243690862383,0.36181865908174,0.174286245564359,0.296294246640406,0.523038546427247,0.354462988941269,0.632602668263303,0.880278056789163,0,0.566973650737042,0.428363111827869,0.162253207857133,0.505175246149268,0.471202982958031,0.157090318326012,0.316788271213615,0.211917072696058,0.124407438785504,0.137286632506746,0.147160842466781,0.144006086217799,0.159503719029079,0.135943228504916,0.156405494665442,0.143676674640503,0.165562788828167,0.147227754715366,0.124126450246448,0.154100527256618,0.152810024602016,0.174608486503572,0.139229246650002,0.163653878187946,0.156979908666014,0.165758153554319,0.178406190867677,0.166368766773061,0.165751242065071,0.154036875247225,0.23635878113264,0.16238255757456,0.159484510717389,0.180391866006017,0.157013004362212,0.14829967595738,0.155822114805679,0.226876850082625,0.195273371124535,0.131105757250726,0.150995207221088,0.218969188133982,0.129887745247615,0.159222316852829,0.133617050531533,0.0957264967883396,0.126385905088451,0.165744745492938,0.183189246019043,0.135343806629369,0.144080747410406,0.127469449989557,0.155710763726844,0.148420695910957,0.0968119694996948,0.130464469483273,0.111338468059245,0.122090208467835,0.116721096173715,0.118889425445838,0.127091509450648,0.109487230339482,0.131119475287391,0.157724661861015,0.09467365912773,0.134691520861067,0.13016854862745,0.16658227159043,0.127374083672215,0.141963287114063,0.139491263640079,0.15210297740284,0.182637460153517,0.147676893461884,0.136799203157188,0.13637685726917,0.146883862252003,0.155302767839175,0.134765559912745,0.154332852176423,0.147814479283578,0.126379162688161,0.156939101094343,0.125268582475282,0.144303458164693
0.172644357669148,0.243803905400656,0.282117459882645,0.303197826623439,0.356141697553658,0.546115999730806,0.271866534544521,0.352968602810746,0.357134943426586,0.207818021858113,0.374765239804878,0.269190575210617,0.397216703022942,0.533122085431994,0.566973650737042,0,0.31725106512085,0.224301297574606,0.361132656109065,0.384435379192198,0.192216246836199,0.245992644985138,0.235883781184865,0.195009483305832,0.305585493177817,0.215224022047775,0.192242656038911,0.1856659427112,0.252817345835726,0.160402843929654,0.167975556752383,0.184935485979932,0.213258712598146,0.178217585780191,0.170637506841032,0.233020134221563,0.229090429872244,0.313451115609315,0.27316798768662,0.182479767116536,0.159469908192866,0.263939022478219,0.1947276577593,0.238942868586701,0.161213881572165,0.245634789503457,0.245792627729282,0.202330742346771,0.283767268076907,0.208928426642513,0.280033286295794,0.200807758515911,0.200480994250051,0.202888608640557,0.209559240236742,0.229887906040865,0.203405136755182,0.229137918210865,0.218236080952263,0.204320035454589,0.191447087266377,0.181298272774789,0.258562601863256,0.221503139325367,0.192988588113925,0.240121081710897,0.157602368134459,0.217183215460671,0.225170123278781,0.173394934920421,0.222459005098865,0.210205296979126,0.219362959945855,0.220299177317602,0.243536702996422,0.230285171495969,0.221681193591338,0.237721130832496,0.244214968814986,0.241642371356431,0.175648670766454,0.150596024582366,0.274575941595289,0.201928895451329,0.222926983100648,0.206022903482872,0.264564126260675,0.22604443594441,0.219696903694437,0.198594692844749,0.204942627418014,0.208959402199867,0.260417073454954,0.212543932633897,0.218256493210999,0.24482383928963,0.16839723321731,0.221852717307247,0.165486188459416,0.170146830078768
0.169207164932458,0.221353356651486,0.252865089066151,0.303341873927674,0.334171451087623,0.402260699310671,0.232339107535784,0.256796163708526,0.491217938699303,0.238526972694288,0.45237047209822,0.325931033547333,0.449891652341359,0.411111426882535,0.428363111827869,0.31725106512085,0,0.228552722143913,0.326467840766462,0.252547599370601,0.199210688886679,0.202754140474113,0.193774816091414,0.177635467464212,0.355465835734087,0.179073783467172,0.227706145924919,0.17199585903363,0.18812094943392,0.185613591655027,0.317814525217277,0.244134147824621,0.207773180295265,0.217438826783212,0.173974348314347,0.167392866445731,0.204296073495276,0.463492628548018,0.515012937708486,0.202111247970938,0.151259206267339,0.234113313413465,0.170084357923359,0.183536435265642,0.262152837483129,0.198977908951997,0.23304216760585,0.218228580251396,0.216143860740446,0.174648065001925,0.171814786688791,0.202293354072699,0.280257163579959,0.166572093703973,0.185076184594241,0.154387547288462,0.243186639203681,0.291774930922741,0.163536080200807,0.185331103750421,0.182760857746286,0.205836540836901,0.224911244305738,0.246355330205751,0.168467982575822,0.209394713637192,0.172963283998734,0.163322623737516,0.221153459479196,0.198202554231113,0.205729337270641,0.192316845731924,0.200333157590632,0.201446475420251,0.259702705840801,0.173975743333119,0.194896927839267,0.165584044731427,0.201466850672757,0.125720942058864,0.218518949397651,0.197800252048185,0.255461016224671,0.330272220324149,0.405749373323557,0.178111464153748,0.496967880849179,0.373291629820785,0.194343672870972,0.293691307734487,0.167392669067434,0.179680677735792,0.21810422681745,0.230151947782954,0.181311296957919,0.269776563736207,0.150754265163942,0.186226131016626,0.241610867239063,0.133339299194193
0.261888413938089,0.204287700866567,0.286930108313617,0.176429496349274,0.199036529862049,0.169198606179467,0.133974769820432,0.235304338009308,0.206392934218947,0.217247293705685,0.280204759096767,0.217741528460035,0.250558619330167,0.150609913644147,0.162253207857133,0.224301297574606,0.228552722143913,0,0.192922838594858,0.115102594228783,0.278713157709978,0.260203250351173,0.279771657865369,0.277401858129438,0.234041900726787,0.166188234078841,0.150298259570338,0.16735963056232,0.25441296446803,0.203585673783558,0.179234213236539,0.245553838625855,0.194854301202066,0.221040678433164,0.166867423892308,0.16890431980735,0.277923794151417,0.258796535602949,0.2296235472159,0.183230858425593,0.177293215006264,0.218173518934645,0.167970865238982,0.248931952528677,0.212702160659865,0.296103935660445,0.250556890045273,0.244155018283234,0.237423422694153,0.189883033912855,0.185298974542161,0.253526584059036,0.217565699715326,0.193168655495539,0.225628557657624,0.239023648038107,0.243847259602406,0.267745328766618,0.194913542300059,0.219551025038485,0.187881949740278,0.208906977387904,0.218545193506862,0.160512691273497,0.21878168438358,0.178220011239332,0.223184506429924,0.27065665863843,0.277034853829906,0.301317350659348,0.27804926017043,0.296747753570338,0.290602122981103,0.30035722596293,0.188454902081079,0.259021172206644,0.289946680790893,0.15910269612589,0.192988738859992,0.154799267357243,0.225062900255939,0.225805343245237,0.203307003123033,0.247298414686275,0.238105203913266,0.137486225490009,0.237797495813317,0.215570984631435,0.290060528705741,0.199561720009101,0.181476759774618,0.198300238022747,0.168036853513083,0.171037291644073,0.208218652745801,0.186562476065465,0.229352097121181,0.151749895682804,0.165185936909879,0.194871937142195
0.18713228986535,0.244430307887413,0.270767786058493,0.225294477373153,0.300635318813562,0.458769416808065,0.284122579358336,0.24760608984735,0.364039578351679,0.227949055463564,0.599077138312052,0.405546407840938,0.497774107721155,0.485378940879175,0.505175246149268,0.361132656109065,0.326467840766462,0.192922838594858,0,0.534472849598038,0.18864028285044,0.21151673405516,0.153721222115925,0.189394677127435,0.215286736663528,0.182082969500927,0.160610615763131,0.203512395779722,0.146855028916445,0.18421389641731,0.22102513719015,0.121558603643445,0.160117211869623,0.177819487047601,0.147292194889225,0.218869079861107,0.170903288178148,0.342436665482085,0.397264822967247,0.174824824235992,0.190734366247089,0.230861470722583,0.189425278489077,0.317799593352545,0.190005755858706,0.264173240110349,0.145660823798107,0.152170987441412,0.296128664525508,0.158416545703373,0.186574239215889,0.175973622899717,0.179149268204593,0.157745428836694,0.187867905941745,0.165861906979713,0.186860017635257,0.248908666280817,0.3098723561581,0.186277508987668,0.272488771421188,0.153431641698166,0.265294104838472,0.259276429800604,0.174698323423362,0.205953121254484,0.185235655733604,0.135526785504468,0.159843072470197,0.104217076180404,0.144981518630587,0.105113726163419,0.136371306886436,0.130499816437279,0.273615628290117,0.192779099688736,0.105461662734704,0.305752375318414,0.314749811940213,0.311489662636296,0.223771852649472,0.162020201950837,0.347712185973936,0.142629857460497,0.317679996291219,0.149198208818576,0.386724409125479,0.36395038483148,0.104952632051572,0.157410431291862,0.168120436664921,0.2323544296139,0.173635385848403,0.232061142455867,0.260230843774267,0.148955541319288,0.242292882062391,0.185279710295127,0.157659052855109,0.153547917503861
0.101574375005731,0.177560070834796,0.230044053296809,0.188222276185476,0.324356109611662,0.424124472818185,0.226057269587326,0.260282894840383,0.204945980987754,0.308646832519454,0.402793064639428,0.24169939128244,0.37078541415734,0.445500849805293,0.471202982958031,0.384435379192198,0.252547599370601,0.115102594228783,0.534472849598038,0,0.15631488528737,0.1944466102207,0.132325572359129,0.338594363928742,0.157982327409621,0.146883104605382,0.211410951477819,0.262994848046992,0.0883275697039363,0.131275333698662,0.303309698312792,0.0899947808790065,0.110607455249768,0.126236421233005,0.102348091561378,0.120798451284883,0.0858376011341073,0.174605972153413,0.205771803130935,0.0929346133259099,0.0837063304160351,0.197831921386716,0.251974074071167,0.459980046571856,0.268394098366185,0.126478424914296,0.136970022479608,0.0834460370900618,0.162264250598341,0.305386683190932,0.16598236638285,0.171506501534287,0.15891238844167,0.204284440035044,0.134135527416626,0.107777036890512,0.146229376821931,0.159900927621789,0.659085545912025,0.400762819141357,0.662002008367002,0.181733909980985,0.66202746893135,0.379952435812541,0.121408036565216,0.12879752120455,0.133933677342754,0.126716550298314,0.123865778893909,0.0930777099289689,0.130045110588586,0.0934735658156032,0.0769637269145724,0.0919173702859387,0.513572401902578,0.133527025132677,0.078089427480579,0.775212862699716,0.756311190226416,0.823327338721768,0.126736501506966,0.0932832041103528,0.176677855555731,0.0956306023389095,0.170990103910534,0.116633260429749,0.186298499600444,0.175533151854934,0.0731515226234838,0.0807333629357805,0.18973269467645,0.120041147195016,0.25781585151894,0.246648137139015,0.193660086158006,0.143820955959193,0.162408869433814,0.132739750834557,0.113561307928303,0.108269037262067
0.139636852468667,0.144309854493584,0.182168579945775,0.197657967007904,0.211083556538763,0.14698864102291,0.172926208057891,0.203796915533238,0.16634049258397,0.152506579945872,0.15108824663393,0.248274469022224,0.119978382425173,0.15705077959667,0.157090318326012,0.192216246836199,0.199210688886679,0.278713157709978,0.18864028285044,0.15631488528737,0,0.249742304237219,0.118106464315603,0.140823943566285,0.149657776210647,0.19686749898266,0.242741251919397,0.236170594037242,0.143250896544931,0.167276383854617,0.144122830796024,0.133869818453687,0.138784767765088,0.159305579507889,0.189690127214401,0.162004999444215,0.159039391402238,0.147448498017646,0.123634225604932,0.199139693250317,0.144053665995468,0.17725749334132,0.168963674328157,0.136600038621565,0.136641215662896,0.202934247383462,0.181936970095454,0.137998755960336,0.178357871893052,0.163261655884736,0.206725269124161,0.203926934900121,0.180594146513648,0.139719006317961,0.21749784085032,0.155106040306834,0.170840074618872,0.190522707389977,0.187144285874372,0.190113197503008,0.124646880809705,0.232042266284883,0.144365590579053,0.241560265613505,0.188496349373416,0.202497424488776,0.153712182871819,0.155816018079742,0.122885650053516,0.0905608783730894,0.165029631591303,0.0862699767601292,0.0974574843336603,0.0938616187125152,0.168065950481882,0.12400862136245,0.0970912609678998,0.125893203596879,0.177656772764042,0.104420433031275,0.235141448496921,0.148002463259406,0.218554084081267,0.22565653867701,0.17815241223563,0.132034890351978,0.155534167118343,0.17984672847141,0.125608249875132,0.160021198904304,0.210129724249425,0.180132578177329,0.187709845603228,0.258187916158475,0.164161717319912,0.47946013413808,0.409765266004672,0.20623189207241,0.182093613920682,0.195974239389573
0.291625903974189,0.208622685843944,0.216047850944677,0.18955024791819,0.248522012344626,0.285454599033595,0.225098217779797,0.22542270527729,0.189892025180962,0.230264618754767,0.256769561068476,0.231417330505743,0.319035315599302,0.301766507880956,0.316788271213615,0.245992644985138,0.202754140474113,0.260203250351173,0.21151673405516,0.1944466102207,0.249742304237219,0,0.271263611393673,0.236866057443837,0.231848887826067,0.236626179346217,0.1460967676365,0.188047291201674,0.219913133942588,0.208467441182487,0.178445755131934,0.152439365152839,0.179849460495084,0.204924942759776,0.224836184158836,0.144760045533046,0.24026895669206,0.260579808731469,0.162701530771075,0.163064275086347,0.155167394518059,0.232941620964257,0.177983035087772,0.243992502979903,0.179053767230921,0.245932068705225,0.234019853944153,0.277731263004691,0.339172105760708,0.247894407579801,0.173074760072172,0.270828475072896,0.28170052086266,0.213352557469097,0.203092825562356,0.292172109445298,0.239121919010779,0.235784475991555,0.254862227909352,0.217974036040977,0.220019482075543,0.247211969550092,0.193795547344065,0.150196092375847,0.192639237091259,0.193192610534128,0.189522654639666,0.212532668469038,0.191154047006591,0.23377524055635,0.215464125387558,0.236696335318619,0.230109226905084,0.264401009464962,0.198238602682015,0.220974421546933,0.230501479679424,0.157240333830191,0.179971634108292,0.16439212671586,0.185703496161086,0.16784541521633,0.294138839566425,0.219589347612542,0.178078844866049,0.21910275958916,0.218209363701747,0.273702989040242,0.23154578859266,0.179457025282977,0.192567574394008,0.157054588381069,0.18500562001295,0.188582205610801,0.154795851220115,0.133941121494642,0.169408521338672,0.215198931208873,0.175552757157881,0.269403327382225
