,Unnamed: 0,G1,G2,G3,G4,G5,G6,G7,G8,G9,G10,G11,G12,G13,G14,G15,G16,G17,G18,G19,G20,G21,G22,G23,G24,G25,G26,G27,G28,G29,G30,G31,G32,G33,G34,G35,G36,G37,G38,G39,G40,G41,G42,G43,G44,G45,G46,G47,G48,G49,G50,G51,G52,G53,G54,G55,G56,G57,G58,G59,G60,G61,G62,G63,G64,G65,G66,G67,G68,G69,G70,G71,G72,G73,G74,G75,G76,G77,G78,G79,G80,G81,G82,G83,G84,G85,G86,G87,G88,G89,G90,G91,G92,G93,G94,G95,G96,G97,G98,G99,G100,G0
Unnamed: 0,0.0,0.0,0.0,0.0,0.0,0.0,0.0,0.0,0.0,0.0,0.0,0.0,0.0,0.0,0.0,0.0,0.0,0.0,0.0,0.0,0.0,0.0,0.0,0.0,0.0,0.0,0.0,0.0,0.0,0.0,0.0,0.0,0.0,0.0,0.0,0.0,0.0,0.0,0.0,0.0,0.0,0.0,0.0,0.0,0.0,0.0,0.0,0.0,0.0,0.0,0.0,0.0,0.0,0.0,0.0,0.0,0.0,0.0,0.0,0.0,0.0,0.0,0.0,0.0,0.0,0.0,0.0,0.0,0.0,0.0,0.0,0.0,0.0,0.0,0.0,0.0,0.0,0.0,0.0,0.0,0.0,0.0,0.0,0.0,0.0,0.0,0.0,0.0,0.0,0.0,0.0,0.0,0.0,0.0,0.0,0.0,0.0,0.0,0.0,0.0,0.0,
G1,0.0,0.0,0.120743641,0.201941916,0.0,0.0,0.142118053,0.224672397,0.0,0.130076648,0.0,0.181647692,0.0,0.0,0.0,0.0,0.0,0.117108043,0.0,0.0,0.0,0.117024613,0.173556511,0.196808402,0.197481771,0.0,0.0,0.111529844,0.160846914,0.0,0.0,0.0,0.121155112,0.0,0.11461628,0.0,0.130086894,0.0,0.0,0.0,0.0,0.0,0.116660937,0.133164083,0.0,0.149320825,0.1646513,0.174878536,0.121271695,0.234561849,0.118138866,0.189098895,0.0,0.16039149,0.151189662,0.141983381,0.192429927,0.140492012,0.196997677,0.175208211,0.13232269,0.154414011,0.115720439,0.0,0.0,0.0,0.164961771,0.217371804,0.176599408,0.0,0.125939154,0.0,0.12645241,0.195494132,0.162910754,0.132615066,0.140367236,0.0,0.0,0.0,0.120237231,0.0,0.0,0.116612353,0.0,0.125009115,0.0,0.0,0.150263456,0.0,0.0,0.0,0.0,0.15138127,0.0,0.0,0.125390474,0.0,0.0,0.0,0.0,0.285887016
G2,0.0,0.120743641,0.0,0.177519645,0.125072721,0.0,0.126116409,0.0,0.0,0.0,0.0,0.132509415,0.0,0.0,0.0,0.0,0.170571044,0.0,0.0,0.0,0.0,0.0,0.149313352,0.0,0.132049289,0.0,0.134795501,0.0,0.0,0.0,0.113093673,0.0,0.14098758,0.0,0.0,0.0,0.0,0.0,0.0,0.0,0.0,0.112803504,0.0,0.128889982,0.0,0.0,0.0,0.0,0.135289844,0.0,0.0,0.0,0.0,0.110768646,0.112207558,0.0,0.0,0.110946535,0.0,0.0,0.0,0.109562188,0.0,0.175833695,0.0,0.0,0.0,0.0,0.0,0.0,0.0,0.0,0.0,0.0,0.0,0.0,0.0,0.0,0.0,0.0,0.0,0.0,0.0,0.0,0.0,0.0,0.0,0.121188841,0.0,0.0,0.144325278,0.141696141,0.0,0.130953526,0.0,0.0,0.0,0.0,0.0,0.0,0.0,0.117153553
G3,0.0,0.201941916,0.177519645,0.0,0.134119328,0.0,0.115800858,0.303728845,0.0,0.114190611,0.116135312,0.203363778,0.128424546,0.0,0.0,0.0,0.16836569,0.0,0.117599353,0.0,0.0,0.202247908,0.212060508,0.228959469,0.260163994,0.0,0.0,0.155041251,0.197601607,0.0,0.152895044,0.0,0.133741373,0.0,0.115556187,0.161885967,0.219210145,0.0,0.0,0.0,0.0,0.0,0.116765998,0.0,0.0,0.131114646,0.190201905,0.185116389,0.168744702,0.0,0.0,0.133412159,0.0,0.0,0.111875862,0.151153244,0.133035193,0.17585075,0.126765169,0.17316826,0.115521451,0.24919657,0.0,0.0,0.139133344,0.143450001,0.147659667,0.172185587,0.187865518,0.141031652,0.191049854,0.142924027,0.160321024,0.187322497,0.177009751,0.190054052,0.142924027,0.0,0.0,0.0,0.146136299,0.0,0.0,0.0,0.0,0.0,0.121394616,0.0,0.15227213,0.0,0.0,0.0,0.137225669,0.110538556,0.110611084,0.114082208,0.0,0.0,0.0,0.0,0.0,0.289406451
G4,0.0,0.0,0.125072721,0.134119328,0.0,0.0,0.0,0.118933663,0.0,0.0,0.0,0.0,0.127086071,0.0,0.0,0.0,0.0,0.0,0.0,0.0,0.0,0.119121785,0.149581914,0.148730706,0.126125297,0.0,0.0,0.0,0.0,0.0,0.0,0.0,0.0,0.0,0.0,0.0,0.0,0.0,0.0,0.0,0.0,0.0,0.0,0.0,0.0,0.0,0.0,0.121760073,0.0,0.0,0.0,0.0,0.0,0.0,0.0,0.0,0.0,0.0,0.0,0.13241407,0.0,0.142610642,0.0,0.0,0.0,0.0,0.0,0.0,0.0,0.0,0.0,0.0,0.0,0.0,0.0,0.0,0.0,0.0,0.0,0.0,0.0,0.0,0.0,0.0,0.0,0.0,0.0,0.0,0.0,0.0,0.0,0.0,0.0,0.111267831,0.0,0.0,0.0,0.0,0.0,0.0,0.0,0.0
G5,0.0,0.0,0.0,0.0,0.0,0.0,0.0,0.0,0.0,0.0,0.0,0.0,0.0,0.0,0.0,0.0,0.0,0.0,0.0,0.0,0.0,0.0,0.0,0.0,0.0,0.0,0.0,0.0,0.0,0.0,0.0,0.0,0.0,0.0,0.0,0.0,0.0,0.0,0.0,0.0,0.0,0.0,0.0,0.0,0.0,0.0,0.0,0.0,0.0,0.0,0.0,0.0,0.0,0.0,0.0,0.0,0.0,0.0,0.0,0.0,0.0,0.0,0.0,0.0,0.0,0.0,0.0,0.0,0.0,0.0,0.0,0.0,0.0,0.0,0.0,0.0,0.0,0.0,0.0,0.0,0.0,0.0,0.0,0.0,0.0,0.0,0.0,0.0,0.0,0.0,0.0,0.0,0.0,0.0,0.0,0.0,0.0,0.0,0.0,0.0,0.0,0.0
G6,0.0,0.142118053,0.126116409,0.115800858,0.0,0.0,0.0,0.0,0.0,0.0,0.0,0.0,0.0,0.0,0.0,0.0,0.0,0.0,0.0,0.0,0.0,0.0,0.0,0.0,0.0,0.0,0.0,0.0,0.0,0.0,0.0,0.0,0.0,0.0,0.0,0.0,0.0,0.0,0.0,0.0,0.0,0.0,0.0,0.0,0.0,0.0,0.0,0.0,0.0,0.126451987,0.0,0.0,0.0,0.0,0.0,0.0,0.0,0.0,0.184996154,0.0,0.0,0.0,0.0,0.0,0.0,0.0,0.0,0.12006262,0.0,0.0,0.110034352,0.0,0.0,0.0,0.0,0.187184242,0.0,0.0,0.0,0.0,0.0,0.0,0.0,0.0,0.0,0.0,0.0,0.0,0.0,0.0,0.0,0.0,0.0,0.0,0.0,0.0,0.0,0.0,0.0,0.0,0.0,0.152989394
G7,0.0,0.224672397,0.0,0.303728845,0.118933663,0.0,0.0,0.0,0.0,0.170685539,0.0,0.124962108,0.0,0.0,0.0,0.0,0.0,0.117820852,0.0,0.0,0.0,0.142816571,0.195539817,0.194116883,0.187044383,0.0,0.0,0.137178217,0.180513549,0.0,0.0,0.0,0.0,0.0,0.0,0.126100405,0.138838246,0.0,0.0,0.110399216,0.0,0.0,0.126240946,0.12304465,0.0,0.110708781,0.154953216,0.178092236,0.126366539,0.177594186,0.109982267,0.116115737,0.160554886,0.195202575,0.115325957,0.0,0.120054411,0.0,0.19185982,0.193508878,0.153239918,0.184282261,0.138517515,0.0,0.0,0.170189924,0.20209738,0.210880671,0.221378327,0.0,0.13605987,0.121545458,0.126047666,0.175134456,0.169571497,0.184994615,0.145640883,0.0,0.0,0.0,0.120648485,0.0,0.0,0.0,0.0,0.0,0.0,0.0,0.163825434,0.0,0.0,0.0,0.0,0.177099212,0.0,0.0,0.0,0.0,0.0,0.0,0.0,0.183998282
G8,0.0,0.0,0.0,0.0,0.0,0.0,0.0,0.0,0.0,0.0,0.119210902,0.0,0.125019594,0.0,0.0,0.0,0.0,0.0,0.0,0.0,0.0,0.0,0.0,0.0,0.0,0.0,0.0,0.0,0.0,0.0,0.0,0.0,0.0,0.0,0.0,0.0,0.0,0.112664595,0.0,0.0,0.0,0.0,0.0,0.0,0.0,0.0,0.0,0.0,0.134240165,0.0,0.0,0.0,0.0,0.0,0.0,0.0,0.0,0.0,0.0,0.0,0.0,0.0,0.0,0.0,0.0,0.0,0.0,0.0,0.0,0.0,0.0,0.0,0.0,0.0,0.0,0.0,0.0,0.0,0.0,0.0,0.0,0.0,0.0,0.0,0.129812135,0.135625852,0.115111409,0.0,0.0,0.0,0.0,0.0,0.0,0.0,0.0,0.0,0.0,0.0,0.0,0.0,0.0,0.0
G9,0.0,0.130076648,0.0,0.114190611,0.0,0.0,0.0,0.170685539,0.0,0.0,0.0,0.147689598,0.0,0.0,0.0,0.0,0.15897273,0.0,0.0,0.118254604,0.0,0.154681669,0.156499935,0.15924008,0.147890982,0.0,0.0,0.0,0.134892661,0.0,0.175674276,0.0,0.0,0.0,0.0,0.0,0.121047302,0.0,0.0,0.0,0.0,0.0,0.0,0.16865489,0.0,0.0,0.113630949,0.152984866,0.11791968,0.184553994,0.0,0.14813336,0.114687013,0.149665527,0.0,0.0,0.145508594,0.0,0.187535426,0.147437614,0.147336707,0.165161103,0.0,0.122765491,0.0,0.0,0.0,0.113834408,0.0,0.0,0.0,0.0,0.0,0.0,0.161464827,0.0,0.0,0.0,0.0,0.0,0.0,0.0,0.0,0.0,0.0,0.0,0.0,0.0,0.0,0.0,0.0,0.0,0.0,0.221795796,0.147063378,0.128031301,0.0,0.0,0.0,0.0,0.0,0.135830911
G10,0.0,0.0,0.0,0.116135312,0.0,0.0,0.0,0.0,0.119210902,0.0,0.0,0.175400223,0.165775474,0.0,0.0,0.0,0.11894763,0.0,0.0,0.0,0.0,0.0,0.0,0.0,0.0,0.11190637,0.0,0.0,0.0,0.0,0.0,0.0,0.0,0.0,0.0,0.0,0.0,0.0,0.131272282,0.0,0.0,0.0,0.0,0.0,0.0,0.0,0.0,0.0,0.0,0.112833152,0.0,0.0,0.0,0.0,0.0,0.0,0.0,0.146475428,0.0,0.0,0.0,0.0,0.0,0.0,0.0,0.0,0.0,0.0,0.0,0.0,0.0,0.0,0.0,0.0,0.0,0.0,0.0,0.0,0.0,0.0,0.0,0.0,0.0,0.0,0.0,0.0,0.116915815,0.125116095,0.0,0.0,0.0,0.0,0.0,0.0,0.0,0.0,0.0,0.0,0.0,0.0,0.0,0.0
G11,0.0,0.181647692,0.132509415,0.203363778,0.0,0.0,0.0,0.124962108,0.0,0.147689598,0.175400223,0.0,0.172276286,0.0,0.0,0.0,0.157359327,0.140400905,0.125910034,0.0,0.0,0.179222521,0.145465468,0.0,0.121150071,0.116920383,0.0,0.0,0.0,0.0,0.110914481,0.0,0.0,0.0,0.0,0.0,0.137144275,0.113259572,0.1251434,0.0,0.0,0.127028,0.0,0.0,0.143660792,0.0,0.0,0.125946186,0.146458253,0.0,0.148979629,0.113454336,0.119032017,0.121144234,0.0,0.0,0.0,0.128052234,0.0,0.0,0.0,0.0,0.0,0.117881034,0.0,0.145045077,0.167964496,0.0,0.0,0.0,0.114139698,0.0,0.0,0.0,0.0,0.0,0.0,0.0,0.0,0.0,0.113249899,0.0,0.164550803,0.0,0.124241777,0.113183185,0.177058694,0.155806325,0.0,0.0,0.0,0.0,0.143587946,0.118785804,0.0,0.0,0.120909882,0.118753042,0.0,0.0,0.0,0.133665799
G12,0.0,0.0,0.0,0.128424546,0.127086071,0.0,0.0,0.0,0.125019594,0.0,0.165775474,0.172276286,0.0,0.0,0.0,0.0,0.151260735,0.0,0.129603593,0.0,0.0,0.122534905,0.0,0.0,0.0,0.0,0.0,0.0,0.0,0.0,0.0,0.0,0.0,0.0,0.0,0.0,0.0,0.126007499,0.124008652,0.0,0.0,0.0,0.0,0.0,0.0,0.0,0.0,0.0,0.0,0.0,0.0,0.0,0.0,0.0,0.0,0.0,0.0,0.0,0.0,0.0,0.0,0.0,0.0,0.0,0.0,0.0,0.0,0.0,0.0,0.0,0.0,0.0,0.0,0.0,0.0,0.0,0.0,0.0,0.0,0.0,0.0,0.0,0.0,0.0,0.119781476,0.0,0.113325109,0.132343684,0.0,0.0,0.0,0.0,0.0,0.0,0.0,0.0,0.0,0.0,0.0,0.0,0.0,0.0
G13,0.0,0.0,0.0,0.0,0.0,0.0,0.0,0.0,0.0,0.0,0.0,0.0,0.0,0.0,0.0,0.0,0.0,0.0,0.0,0.0,0.0,0.0,0.0,0.0,0.0,0.0,0.0,0.0,0.0,0.0,0.0,0.0,0.0,0.0,0.0,0.0,0.0,0.0,0.0,0.0,0.0,0.0,0.0,0.0,0.0,0.0,0.0,0.0,0.0,0.0,0.0,0.0,0.0,0.0,0.0,0.0,0.0,0.0,0.0,0.0,0.0,0.0,0.0,0.0,0.0,0.0,0.0,0.0,0.0,0.0,0.0,0.0,0.0,0.0,0.0,0.0,0.0,0.0,0.0,0.0,0.0,0.0,0.0,0.0,0.0,0.0,0.0,0.0,0.0,0.0,0.0,0.0,0.0,0.0,0.0,0.0,0.0,0.0,0.0,0.0,0.0,0.0
G14,0.0,0.0,0.0,0.0,0.0,0.0,0.0,0.0,0.0,0.0,0.0,0.0,0.0,0.0,0.0,0.0,0.0,0.0,0.0,0.0,0.0,0.0,0.0,0.0,0.0,0.0,0.0,0.0,0.0,0.0,0.0,0.0,0.0,0.0,0.0,0.0,0.0,0.0,0.0,0.0,0.0,0.0,0.0,0.0,0.0,0.0,0.0,0.0,0.0,0.0,0.0,0.0,0.0,0.0,0.0,0.0,0.0,0.0,0.0,0.0,0.0,0.0,0.0,0.0,0.0,0.0,0.0,0.0,0.0,0.0,0.0,0.0,0.0,0.0,0.0,0.0,0.0,0.0,0.0,0.0,0.0,0.0,0.0,0.0,0.0,0.0,0.0,0.0,0.0,0.0,0.0,0.0,0.0,0.0,0.0,0.0,0.0,0.0,0.0,0.0,0.0,0.0
G15,0.0,0.0,0.0,0.0,0.0,0.0,0.0,0.0,0.0,0.0,0.0,0.0,0.0,0.0,0.0,0.0,0.0,0.0,0.0,0.0,0.0,0.12227971,0.133742559,0.0,0.0,0.0,0.0,0.0,0.0,0.0,0.0,0.0,0.0,0.0,0.0,0.0,0.0,0.0,0.0,0.0,0.0,0.0,0.0,0.0,0.0,0.117532968,0.0,0.0,0.113954391,0.159559812,0.0,0.0,0.0,0.0,0.0,0.0,0.0,0.0,0.0,0.0,0.0,0.0,0.0,0.0,0.0,0.114401267,0.0,0.110860476,0.140314395,0.0,0.0,0.0,0.0,0.0,0.0,0.0,0.0,0.0,0.0,0.0,0.0,0.0,0.0,0.0,0.0,0.0,0.0,0.0,0.0,0.0,0.0,0.0,0.0,0.132507167,0.0,0.0,0.0,0.0,0.0,0.0,0.0,0.0
G16,0.0,0.0,0.170571044,0.16836569,0.0,0.0,0.0,0.0,0.0,0.15897273,0.11894763,0.157359327,0.151260735,0.0,0.0,0.0,0.0,0.118704878,0.0,0.0,0.0,0.0,0.0,0.0,0.110439096,0.0,0.0,0.0,0.0,0.0,0.126148208,0.0,0.0,0.0,0.0,0.0,0.0,0.112430373,0.114438301,0.0,0.0,0.12481698,0.0,0.0,0.114386203,0.0,0.0,0.0,0.0,0.18617518,0.0,0.0,0.121040929,0.0,0.0,0.0,0.0,0.111773755,0.0,0.0,0.0,0.118860029,0.0,0.0,0.0,0.0,0.0,0.11142147,0.0,0.0,0.0,0.0,0.0,0.0,0.0,0.0,0.0,0.0,0.0,0.0,0.120482302,0.0,0.0,0.0,0.144004957,0.116841595,0.114739232,0.0,0.0,0.0,0.0,0.0,0.0,0.171396019,0.0,0.140589676,0.0,0.0,0.118182867,0.0,0.0,0.0
G17,0.0,0.117108043,0.0,0.0,0.0,0.0,0.0,0.117820852,0.0,0.0,0.0,0.140400905,0.0,0.0,0.0,0.0,0.118704878,0.0,0.0,0.0,0.0,0.0,0.131681382,0.135181035,0.141715285,0.0,0.0,0.131637591,0.113054298,0.0,0.143452731,0.0,0.0,0.0,0.0,0.0,0.123118269,0.0,0.0,0.0,0.0,0.0,0.0,0.148460543,0.0,0.116154674,0.0,0.0,0.0,0.0,0.0,0.0,0.0,0.129095358,0.0,0.0,0.0,0.147558072,0.0,0.0,0.0,0.128520847,0.0,0.0,0.0,0.0,0.0,0.149928868,0.0,0.0,0.0,0.0,0.0,0.0,0.120859931,0.0,0.0,0.0,0.0,0.0,0.110235734,0.0,0.128396946,0.0,0.0,0.0,0.0,0.0,0.127309447,0.0,0.0,0.0,0.0,0.0,0.0,0.0,0.124047377,0.0,0.0,0.0,0.0,0.130112145
G18,0.0,0.0,0.0,0.117599353,0.0,0.0,0.0,0.0,0.0,0.0,0.0,0.125910034,0.129603593,0.0,0.0,0.0,0.0,0.0,0.0,0.152713472,0.0,0.0,0.0,0.134459639,0.0,0.0,0.0,0.0,0.0,0.0,0.0,0.0,0.0,0.0,0.0,0.0,0.0,0.0,0.0,0.0,0.0,0.0,0.0,0.126684704,0.0,0.0,0.0,0.0,0.149352873,0.0,0.0,0.0,0.0,0.0,0.0,0.0,0.0,0.0,0.144165627,0.0,0.0,0.0,0.152725331,0.109778399,0.0,0.0,0.113627367,0.0,0.0,0.0,0.0,0.0,0.0,0.0,0.0,0.0,0.0,0.0,0.0,0.0,0.127369354,0.0,0.127181805,0.0,0.0,0.0,0.0,0.0,0.0,0.0,0.0,0.0,0.0,0.134550306,0.121127051,0.0,0.0,0.0,0.0,0.0,0.0,0.0
G19,0.0,0.0,0.0,0.0,0.0,0.0,0.0,0.0,0.0,0.118254604,0.0,0.0,0.0,0.0,0.0,0.0,0.0,0.0,0.152713472,0.0,0.0,0.0,0.0,0.133530596,0.0,0.0,0.0,0.0,0.0,0.0,0.0,0.0,0.0,0.0,0.0,0.0,0.0,0.0,0.0,0.0,0.0,0.0,0.0,0.0,0.0,0.0,0.0,0.0,0.0,0.141454654,0.0,0.0,0.0,0.0,0.0,0.0,0.0,0.0,0.165116607,0.131711146,0.160658348,0.0,0.157685544,0.124478156,0.0,0.0,0.0,0.0,0.0,0.0,0.0,0.0,0.0,0.0,0.110187273,0.0,0.0,0.141711048,0.138981834,0.139742168,0.0,0.0,0.0,0.0,0.0,0.0,0.0,0.0,0.0,0.0,0.0,0.0,0.0,0.12845265,0.0,0.0,0.0,0.0,0.0,0.0,0.0,0.0
G20,0.0,0.0,0.0,0.0,0.0,0.0,0.0,0.0,0.0,0.0,0.0,0.0,0.0,0.0,0.0,0.0,0.0,0.0,0.0,0.0,0.0,0.0,0.0,0.0,0.0,0.0,0.0,0.0,0.0,0.0,0.0,0.0,0.0,0.0,0.0,0.0,0.0,0.0,0.0,0.0,0.0,0.0,0.0,0.0,0.0,0.0,0.0,0.0,0.0,0.0,0.0,0.0,0.0,0.0,0.0,0.0,0.0,0.0,0.0,0.0,0.0,0.0,0.0,0.0,0.0,0.0,0.0,0.0,0.0,0.0,0.0,0.0,0.0,0.0,0.0,0.0,0.0,0.0,0.0,0.0,0.0,0.0,0.0,0.0,0.0,0.0,0.0,0.0,0.0,0.0,0.0,0.0,0.0,0.0,0.0,0.0,0.0,0.0,0.0,0.0,0.0,0.0
G21,0.0,0.117024613,0.0,0.202247908,0.119121785,0.0,0.0,0.142816571,0.0,0.154681669,0.0,0.179222521,0.122534905,0.0,0.0,0.12227971,0.0,0.0,0.0,0.0,0.0,0.0,0.18538685,0.109902216,0.159077211,0.0,0.0,0.0,0.0,0.0,0.15389028,0.0,0.0,0.0,0.0,0.0,0.125301081,0.0,0.0,0.0,0.0,0.0,0.0,0.125521216,0.114150558,0.0,0.123053578,0.167827666,0.151792715,0.140258174,0.0,0.113096661,0.163466083,0.135826243,0.0,0.157425475,0.0,0.124910801,0.149418824,0.203655461,0.0,0.131887524,0.0,0.0,0.0,0.163758505,0.129855891,0.120260528,0.0,0.0,0.0,0.0,0.113200185,0.0,0.0,0.0,0.0,0.0,0.0,0.0,0.160060323,0.0,0.0,0.129754799,0.0,0.159862779,0.0,0.165038813,0.0,0.0,0.0,0.0,0.0,0.131182065,0.0,0.0,0.0,0.0,0.0,0.0,0.0,0.155514543
G22,0.0,0.173556511,0.149313352,0.212060508,0.149581914,0.0,0.0,0.195539817,0.0,0.156499935,0.0,0.145465468,0.0,0.0,0.0,0.133742559,0.0,0.131681382,0.0,0.0,0.0,0.18538685,0.0,0.22179442,0.200895697,0.0,0.112051926,0.0,0.20722404,0.0,0.0,0.0,0.0,0.0,0.0,0.120326448,0.184815949,0.0,0.0,0.0,0.0,0.0,0.0,0.0,0.0,0.0,0.191692137,0.208708042,0.182781689,0.13966396,0.123239494,0.0,0.0,0.125690485,0.128377248,0.0,0.129328789,0.0,0.174654784,0.225284735,0.176299356,0.174179186,0.0,0.120266316,0.0,0.142174433,0.132859356,0.224239829,0.188341552,0.174459459,0.185189159,0.18157461,0.217302507,0.212109511,0.20684,0.205220432,0.205670035,0.0,0.0,0.0,0.122176808,0.0,0.0,0.0,0.0,0.0,0.0,0.0,0.210571106,0.0,0.0,0.0,0.0,0.174509557,0.0,0.0,0.0,0.0,0.0,0.0,0.0,0.172783252
G23,0.0,0.196808402,0.0,0.228959469,0.148730706,0.0,0.0,0.194116883,0.0,0.15924008,0.0,0.0,0.0,0.0,0.0,0.0,0.0,0.135181035,0.134459639,0.133530596,0.0,0.109902216,0.22179442,0.0,0.265776887,0.0,0.0,0.202439529,0.230227573,0.0,0.183040956,0.0,0.0,0.0,0.11587915,0.118672254,0.233559612,0.0,0.0,0.0,0.0,0.0,0.112111658,0.232828221,0.0,0.0,0.218055559,0.248418874,0.0,0.272335169,0.147455641,0.0,0.13472577,0.204601833,0.0,0.0,0.0,0.151843239,0.358079868,0.403550661,0.374655686,0.334587558,0.165095478,0.218534031,0.0,0.134167155,0.168941322,0.248520107,0.226603935,0.163654741,0.23443514,0.200437554,0.205848937,0.231687451,0.355506705,0.182719046,0.18157461,0.191083322,0.158931454,0.163837593,0.169585775,0.0,0.120501548,0.0,0.110105298,0.133824676,0.0,0.0,0.187750166,0.0,0.11937779,0.0,0.109468458,0.24626988,0.158532445,0.0,0.0,0.0,0.0,0.111505775,0.0,0.19695252
G24,0.0,0.197481771,0.132049289,0.260163994,0.126125297,0.0,0.0,0.187044383,0.0,0.147890982,0.0,0.121150071,0.0,0.0,0.0,0.0,0.110439096,0.141715285,0.0,0.0,0.0,0.159077211,0.200895697,0.265776887,0.0,0.0,0.0,0.135997377,0.202130006,0.0,0.0,0.0,0.0,0.0,0.120114075,0.0,0.173257083,0.0,0.117996115,0.0,0.0,0.0,0.0,0.144842173,0.0,0.0,0.217984367,0.206721231,0.162524905,0.128834827,0.0,0.0,0.0,0.112509735,0.124033728,0.145056266,0.195053295,0.115021913,0.185769052,0.246557009,0.216914722,0.17126728,0.0,0.11829212,0.0,0.155316542,0.205065813,0.225259447,0.186831976,0.122214597,0.191496714,0.129985779,0.154988087,0.17054577,0.221432932,0.164378872,0.154081204,0.0,0.0,0.0,0.135685854,0.0,0.153682268,0.152325558,0.164428419,0.160425369,0.128197034,0.196530176,0.161945032,0.0,0.0,0.0,0.0,0.0,0.178573371,0.0,0.137132557,0.0,0.0,0.0,0.0,0.205483031
G25,0.0,0.0,0.0,0.0,0.0,0.0,0.0,0.0,0.0,0.0,0.11190637,0.116920383,0.0,0.0,0.0,0.0,0.0,0.0,0.0,0.0,0.0,0.0,0.0,0.0,0.0,0.0,0.0,0.0,0.0,0.0,0.0,0.0,0.115123509,0.0,0.119424272,0.0,0.0,0.0,0.0,0.0,0.0,0.0,0.0,0.0,0.0,0.0,0.0,0.0,0.0,0.0,0.0,0.0,0.0,0.0,0.0,0.0,0.0,0.0,0.0,0.0,0.0,0.0,0.0,0.0,0.0,0.0,0.0,0.0,0.0,0.0,0.0,0.0,0.0,0.0,0.0,0.0,0.0,0.0,0.0,0.0,0.0,0.0,0.0,0.0,0.0,0.115515574,0.0,0.110628058,0.0,0.0,0.0,0.0,0.0,0.0,0.0,0.0,0.0,0.0,0.0,0.0,0.0,0.0
G26,0.0,0.0,0.134795501,0.0,0.0,0.0,0.0,0.0,0.0,0.0,0.0,0.0,0.0,0.0,0.0,0.0,0.0,0.0,0.0,0.0,0.0,0.0,0.112051926,0.0,0.0,0.0,0.0,0.0,0.0,0.0,0.197315852,0.0,0.0,0.0,0.0,0.0,0.0,0.0,0.110820424,0.0,0.0,0.0,0.0,0.133560834,0.0,0.0,0.0,0.0,0.0,0.151897438,0.0,0.0,0.0,0.0,0.0,0.0,0.116452424,0.0,0.0,0.0,0.0,0.0,0.0,0.0,0.0,0.0,0.0,0.0,0.0,0.0,0.0,0.0,0.0,0.0,0.0,0.0,0.0,0.0,0.0,0.0,0.0,0.0,0.0,0.0,0.0,0.0,0.0,0.0,0.0,0.0,0.0,0.0,0.0,0.173017092,0.0,0.0,0.116811444,0.0,0.0,0.0,0.0,0.0
G27,0.0,0.111529844,0.0,0.155041251,0.0,0.0,0.0,0.137178217,0.0,0.0,0.0,0.0,0.0,0.0,0.0,0.0,0.0,0.131637591,0.0,0.0,0.0,0.0,0.0,0.202439529,0.135997377,0.0,0.0,0.0,0.0,0.0,0.193399412,0.0,0.0,0.0,0.0,0.14147239,0.128180538,0.0,0.0,0.0,0.0,0.112518906,0.115378782,0.127135827,0.109987993,0.0,0.0,0.172451619,0.0,0.15820554,0.134157714,0.0,0.0,0.117437533,0.144634882,0.170595166,0.11076104,0.0,0.180901868,0.142703072,0.203752851,0.151419804,0.150699035,0.217655852,0.0,0.140250457,0.0,0.131456176,0.126291099,0.0,0.0,0.0,0.0,0.0,0.137811279,0.146805059,0.0,0.113617737,0.119968695,0.0,0.0,0.0,0.0,0.112483263,0.0,0.0,0.0,0.16969355,0.0,0.0,0.119545862,0.190815682,0.0,0.25636012,0.182980989,0.116322014,0.178148998,0.0,0.0,0.0,0.0,0.142969041
G28,0.0,0.160846914,0.0,0.197601607,0.0,0.0,0.0,0.180513549,0.0,0.134892661,0.0,0.0,0.0,0.0,0.0,0.0,0.0,0.113054298,0.0,0.0,0.0,0.0,0.20722404,0.230227573,0.202130006,0.0,0.0,0.0,0.0,0.0,0.112332813,0.0,0.0,0.0,0.0,0.0,0.195514782,0.0,0.0,0.0,0.0,0.0,0.0,0.115069732,0.0,0.0,0.167106663,0.180374602,0.0,0.120719203,0.0,0.0,0.0,0.130572903,0.0,0.0,0.0,0.0,0.167665053,0.206925322,0.175701998,0.207271862,0.0,0.0,0.0,0.167191174,0.196167876,0.205474376,0.244762742,0.169283326,0.191393142,0.18157461,0.206614703,0.229197464,0.226238621,0.16196572,0.205670035,0.0,0.0,0.0,0.126018895,0.0,0.0,0.0,0.0,0.116655872,0.0,0.0,0.214498512,0.0,0.0,0.0,0.0,0.0,0.0,0.0,0.0,0.0,0.0,0.0,0.0,0.190941724
G29,0.0,0.0,0.0,0.0,0.0,0.0,0.0,0.0,0.0,0.0,0.0,0.0,0.0,0.0,0.0,0.0,0.0,0.0,0.0,0.0,0.0,0.0,0.0,0.0,0.0,0.0,0.0,0.0,0.0,0.0,0.0,0.0,0.0,0.0,0.0,0.0,0.0,0.0,0.0,0.0,0.0,0.0,0.0,0.0,0.0,0.0,0.0,0.0,0.162610232,0.0,0.0,0.0,0.0,0.13428763,0.0,0.0,0.0,0.0,0.0,0.0,0.0,0.0,0.0,0.0,0.0,0.0,0.0,0.0,0.0,0.0,0.0,0.0,0.0,0.0,0.0,0.0,0.0,0.0,0.0,0.0,0.0,0.0,0.0,0.0,0.0,0.0,0.0,0.0,0.0,0.0,0.0,0.0,0.0,0.118235676,0.0,0.0,0.0,0.0,0.0,0.0,0.0,0.0
G30,0.0,0.0,0.113093673,0.152895044,0.0,0.0,0.0,0.0,0.0,0.175674276,0.0,0.110914481,0.0,0.0,0.0,0.0,0.126148208,0.143452731,0.0,0.0,0.0,0.15389028,0.0,0.183040956,0.0,0.0,0.197315852,0.193399412,0.112332813,0.0,0.0,0.0,0.14938019,0.0,0.110722945,0.0,0.0,0.0,0.0,0.0,0.0,0.0,0.112803478,0.301125827,0.0,0.0,0.148626287,0.0,0.11855537,0.203284394,0.0,0.0,0.117473909,0.194104948,0.16951299,0.114010536,0.0,0.0,0.215217857,0.195352224,0.209433672,0.254348994,0.180015548,0.224797087,0.0,0.0,0.186070061,0.142996622,0.0,0.0,0.139846228,0.0,0.0,0.0,0.22094417,0.0,0.0,0.147084497,0.0,0.120879225,0.168813763,0.0,0.0,0.120103756,0.0,0.0,0.0,0.0,0.0,0.0,0.0,0.0,0.129418452,0.275262117,0.171969441,0.0,0.0,0.0,0.132599818,0.110140245,0.0,0.148650964
G31,0.0,0.0,0.0,0.0,0.0,0.0,0.0,0.0,0.0,0.0,0.0,0.0,0.0,0.0,0.0,0.0,0.0,0.0,0.0,0.0,0.0,0.0,0.0,0.0,0.0,0.0,0.0,0.0,0.0,0.0,0.0,0.0,0.0,0.0,0.0,0.0,0.0,0.0,0.0,0.0,0.0,0.0,0.0,0.0,0.0,0.0,0.0,0.0,0.0,0.0,0.0,0.0,0.0,0.0,0.0,0.0,0.0,0.0,0.0,0.0,0.0,0.0,0.0,0.0,0.0,0.0,0.0,0.0,0.0,0.0,0.0,0.0,0.0,0.0,0.0,0.0,0.0,0.0,0.0,0.0,0.0,0.0,0.0,0.0,0.0,0.0,0.0,0.0,0.0,0.0,0.0,0.0,0.0,0.0,0.0,0.0,0.0,0.0,0.0,0.0,0.0,0.0
G32,0.0,0.121155112,0.14098758,0.133741373,0.0,0.0,0.0,0.0,0.0,0.0,0.0,0.0,0.0,0.0,0.0,0.0,0.0,0.0,0.0,0.0,0.0,0.0,0.0,0.0,0.0,0.115123509,0.0,0.0,0.0,0.0,0.14938019,0.0,0.0,0.0,0.0,0.0,0.0,0.0,0.0,0.0,0.0,0.0,0.0,0.13900058,0.0,0.0,0.0,0.0,0.155221119,0.0,0.0,0.0,0.0,0.0,0.0,0.0,0.0,0.0,0.0,0.0,0.0,0.0,0.0,0.0,0.0,0.0,0.0,0.0,0.124702112,0.0,0.0,0.0,0.0,0.0,0.0,0.0,0.0,0.0,0.0,0.0,0.0,0.0,0.0,0.0,0.0,0.0,0.0,0.0,0.0,0.0,0.0,0.0,0.0,0.119985062,0.0,0.0,0.0,0.0,0.0,0.0,0.0,0.0
G33,0.0,0.0,0.0,0.0,0.0,0.0,0.0,0.0,0.0,0.0,0.0,0.0,0.0,0.0,0.0,0.0,0.0,0.0,0.0,0.0,0.0,0.0,0.0,0.0,0.0,0.0,0.0,0.0,0.0,0.0,0.0,0.0,0.0,0.0,0.0,0.0,0.0,0.0,0.0,0.0,0.0,0.0,0.0,0.0,0.0,0.0,0.0,0.0,0.126301779,0.0,0.0,0.0,0.0,0.0,0.0,0.0,0.0,0.0,0.0,0.0,0.0,0.0,0.0,0.0,0.0,0.0,0.0,0.0,0.0,0.0,0.0,0.0,0.0,0.0,0.0,0.0,0.0,0.0,0.0,0.0,0.0,0.0,0.0,0.0,0.0,0.0,0.0,0.0,0.0,0.0,0.0,0.0,0.0,0.0,0.0,0.0,0.0,0.0,0.0,0.0,0.0,0.0
G34,0.0,0.11461628,0.0,0.115556187,0.0,0.0,0.0,0.0,0.0,0.0,0.0,0.0,0.0,0.0,0.0,0.0,0.0,0.0,0.0,0.0,0.0,0.0,0.0,0.11587915,0.120114075,0.119424272,0.0,0.0,0.0,0.0,0.110722945,0.0,0.0,0.0,0.0,0.0,0.0,0.0,0.0,0.0,0.0,0.0,0.0,0.0,0.0,0.0,0.0,0.173584207,0.0,0.0,0.0,0.120417899,0.0,0.123142482,0.121021626,0.0,0.0,0.0,0.152500921,0.110072978,0.0,0.0,0.0,0.0,0.0,0.120621085,0.0,0.138587639,0.0,0.0,0.0,0.0,0.0,0.123739331,0.0,0.0,0.0,0.0,0.0,0.0,0.0,0.0,0.0,0.0,0.0,0.0,0.0,0.0,0.0,0.0,0.0,0.0,0.0,0.135269679,0.0,0.0,0.0,0.116937806,0.111663198,0.0,0.0,0.0
G35,0.0,0.0,0.0,0.161885967,0.0,0.0,0.0,0.126100405,0.0,0.0,0.0,0.0,0.0,0.0,0.0,0.0,0.0,0.0,0.0,0.0,0.0,0.0,0.120326448,0.118672254,0.0,0.0,0.0,0.14147239,0.0,0.0,0.0,0.0,0.0,0.0,0.0,0.0,0.0,0.0,0.0,0.0,0.0,0.0,0.0,0.0,0.0,0.0,0.0,0.0,0.0,0.0,0.0,0.0,0.0,0.0,0.0,0.0,0.118531054,0.0,0.0,0.0,0.0,0.145858501,0.0,0.112307541,0.0,0.0,0.0,0.0,0.0,0.0,0.0,0.0,0.0,0.0,0.0,0.0,0.0,0.0,0.0,0.0,0.0,0.0,0.0,0.0,0.0,0.0,0.0,0.0,0.0,0.0,0.0,0.0,0.0,0.0,0.0,0.0,0.0,0.0,0.0,0.0,0.0,0.0
G36,0.0,0.130086894,0.0,0.219210145,0.0,0.0,0.0,0.138838246,0.0,0.121047302,0.0,0.137144275,0.0,0.0,0.0,0.0,0.0,0.123118269,0.0,0.0,0.0,0.125301081,0.184815949,0.233559612,0.173257083,0.0,0.0,0.128180538,0.195514782,0.0,0.0,0.0,0.0,0.0,0.0,0.0,0.0,0.0,0.0,0.0,0.0,0.0,0.0,0.0,0.0,0.0,0.158251854,0.164829856,0.0,0.0,0.0,0.0,0.0,0.150089193,0.0,0.11375984,0.0,0.0,0.160528953,0.197509579,0.153351867,0.224555946,0.0,0.0,0.0,0.176990456,0.0,0.232783072,0.189815981,0.164860415,0.203360883,0.172944148,0.186473957,0.170151193,0.162164573,0.13225165,0.172944148,0.0,0.0,0.0,0.0,0.0,0.0,0.0,0.0,0.0,0.0,0.0,0.194115047,0.0,0.0,0.0,0.0,0.0,0.0,0.0,0.0,0.0,0.0,0.0,0.0,0.257191665
G37,0.0,0.0,0.0,0.0,0.0,0.0,0.0,0.0,0.112664595,0.0,0.0,0.113259572,0.126007499,0.0,0.0,0.0,0.112430373,0.0,0.0,0.0,0.0,0.0,0.0,0.0,0.0,0.0,0.0,0.0,0.0,0.0,0.0,0.0,0.0,0.0,0.0,0.0,0.0,0.0,0.0,0.0,0.0,0.0,0.0,0.0,0.0,0.0,0.0,0.0,0.133233773,0.0,0.0,0.0,0.0,0.0,0.0,0.127348773,0.0,0.0,0.0,0.117722494,0.0,0.0,0.0,0.0,0.125205357,0.0,0.0,0.0,0.0,0.0,0.0,0.0,0.0,0.0,0.0,0.0,0.0,0.0,0.0,0.0,0.124889865,0.0,0.0,0.0,0.167292421,0.0,0.113768428,0.113061649,0.0,0.0,0.0,0.0,0.0,0.0,0.0,0.0,0.0,0.0,0.0,0.0,0.0,0.0
G38,0.0,0.0,0.0,0.0,0.0,0.0,0.0,0.0,0.0,0.0,0.131272282,0.1251434,0.124008652,0.0,0.0,0.0,0.114438301,0.0,0.0,0.0,0.0,0.0,0.0,0.0,0.117996115,0.0,0.110820424,0.0,0.0,0.0,0.0,0.0,0.0,0.0,0.0,0.0,0.0,0.0,0.0,0.0,0.0,0.0,0.0,0.0,0.0,0.0,0.0,0.0,0.0,0.0,0.0,0.0,0.0,0.0,0.0,0.0,0.0,0.0,0.0,0.0,0.0,0.0,0.0,0.0,0.0,0.0,0.0,0.0,0.0,0.0,0.0,0.0,0.0,0.0,0.0,0.0,0.0,0.0,0.0,0.0,0.0,0.0,0.0,0.0,0.165275736,0.0,0.128617456,0.119506041,0.0,0.0,0.0,0.0,0.0,0.0,0.0,0.0,0.0,0.0,0.0,0.0,0.0,0.0
G39,0.0,0.0,0.0,0.0,0.0,0.0,0.0,0.110399216,0.0,0.0,0.0,0.0,0.0,0.0,0.0,0.0,0.0,0.0,0.0,0.0,0.0,0.0,0.0,0.0,0.0,0.0,0.0,0.0,0.0,0.0,0.0,0.0,0.0,0.0,0.0,0.0,0.0,0.0,0.0,0.0,0.0,0.0,0.0,0.0,0.0,0.0,0.0,0.0,0.0,0.16529669,0.0,0.0,0.0,0.0,0.0,0.0,0.111651433,0.0,0.0,0.0,0.0,0.0,0.0,0.0,0.0,0.0,0.0,0.0,0.0,0.0,0.0,0.0,0.0,0.0,0.0,0.0,0.0,0.0,0.0,0.0,0.0,0.0,0.0,0.145029813,0.0,0.0,0.0,0.0,0.0,0.0,0.0,0.0,0.0,0.157068469,0.0,0.0,0.0,0.0,0.0,0.0,0.0,0.0
G40,0.0,0.0,0.0,0.0,0.0,0.0,0.0,0.0,0.0,0.0,0.0,0.0,0.0,0.0,0.0,0.0,0.0,0.0,0.0,0.0,0.0,0.0,0.0,0.0,0.0,0.0,0.0,0.0,0.0,0.0,0.0,0.0,0.0,0.0,0.0,0.0,0.0,0.0,0.0,0.0,0.0,0.0,0.0,0.0,0.0,0.0,0.0,0.0,0.0,0.0,0.0,0.0,0.0,0.0,0.0,0.0,0.0,0.0,0.0,0.0,0.0,0.0,0.0,0.0,0.0,0.0,0.0,0.0,0.0,0.0,0.0,0.0,0.0,0.0,0.0,0.0,0.0,0.0,0.0,0.0,0.0,0.0,0.0,0.0,0.0,0.0,0.0,0.0,0.0,0.0,0.0,0.0,0.0,0.0,0.0,0.0,0.0,0.0,0.0,0.0,0.0,0.0
G41,0.0,0.0,0.112803504,0.0,0.0,0.0,0.0,0.0,0.0,0.0,0.0,0.127028,0.0,0.0,0.0,0.0,0.12481698,0.0,0.0,0.0,0.0,0.0,0.0,0.0,0.0,0.0,0.0,0.112518906,0.0,0.0,0.0,0.0,0.0,0.0,0.0,0.0,0.0,0.0,0.0,0.0,0.0,0.0,0.0,0.0,0.0,0.0,0.0,0.0,0.0,0.158043919,0.0,0.156219041,0.0,0.0,0.0,0.115467927,0.0,0.0,0.0,0.14282493,0.0,0.0,0.0,0.0,0.0,0.0,0.0,0.0,0.0,0.0,0.0,0.0,0.0,0.0,0.117123104,0.0,0.0,0.0,0.0,0.0,0.0,0.0,0.120212706,0.130979825,0.0,0.0,0.0,0.0,0.0,0.0,0.0,0.0,0.0,0.0,0.0,0.0,0.114979724,0.0,0.0,0.0,0.0,0.0
G42,0.0,0.116660937,0.0,0.116765998,0.0,0.0,0.0,0.126240946,0.0,0.0,0.0,0.0,0.0,0.0,0.0,0.0,0.0,0.0,0.0,0.0,0.0,0.0,0.0,0.112111658,0.0,0.0,0.0,0.115378782,0.0,0.0,0.112803478,0.0,0.0,0.0,0.0,0.0,0.0,0.0,0.0,0.0,0.0,0.0,0.0,0.0,0.0,0.0,0.0,0.0,0.0,0.184832889,0.0,0.0,0.0,0.0,0.0,0.0,0.151328994,0.0,0.121161213,0.0,0.120896722,0.129765255,0.0,0.138077442,0.126450835,0.0,0.0,0.130095465,0.0,0.0,0.0,0.0,0.0,0.0,0.0,0.0,0.0,0.0,0.0,0.0,0.0,0.0,0.0,0.0,0.0,0.11456559,0.0,0.0,0.0,0.0,0.0,0.0,0.0,0.122706601,0.0,0.0,0.118504993,0.0,0.0,0.0,0.0,0.0
G43,0.0,0.133164083,0.128889982,0.0,0.0,0.0,0.0,0.12304465,0.0,0.16865489,0.0,0.0,0.0,0.0,0.0,0.0,0.0,0.148460543,0.126684704,0.0,0.0,0.125521216,0.0,0.232828221,0.144842173,0.0,0.133560834,0.127135827,0.115069732,0.0,0.301125827,0.0,0.13900058,0.0,0.0,0.0,0.0,0.0,0.0,0.0,0.0,0.0,0.0,0.0,0.0,0.0,0.0,0.111035976,0.140352659,0.19987112,0.0,0.0,0.137243601,0.126151619,0.145039992,0.0,0.11046773,0.149507009,0.223795307,0.221339706,0.138685258,0.264239876,0.165150827,0.202863221,0.124202605,0.119245915,0.0,0.140636141,0.115703007,0.0,0.0,0.0,0.0,0.112431992,0.202075689,0.0,0.0,0.139994736,0.172021952,0.111110204,0.130910435,0.0,0.0,0.0,0.0,0.0,0.0,0.0,0.0,0.0,0.0,0.0,0.0,0.20678425,0.112219439,0.0,0.0,0.0,0.0,0.0,0.0,0.138675253
G44,0.0,0.0,0.0,0.0,0.0,0.0,0.0,0.0,0.0,0.0,0.0,0.143660792,0.0,0.0,0.0,0.0,0.114386203,0.0,0.0,0.0,0.0,0.114150558,0.0,0.0,0.0,0.0,0.0,0.109987993,0.0,0.0,0.0,0.0,0.0,0.0,0.0,0.0,0.0,0.0,0.0,0.0,0.0,0.0,0.0,0.0,0.0,0.0,0.0,0.131141303,0.0,0.11150311,0.0,0.0,0.0,0.0,0.0,0.0,0.0,0.0,0.135382223,0.131773128,0.0,0.0,0.121324414,0.231688551,0.0,0.0,0.0,0.112045198,0.0,0.0,0.0,0.0,0.0,0.0,0.0,0.0,0.0,0.0,0.109471901,0.0,0.0,0.0,0.0,0.0,0.0,0.0,0.0,0.0,0.0,0.0,0.120494468,0.0,0.0,0.203709187,0.0,0.0,0.0,0.0,0.0,0.0,0.0,0.121296091
G45,0.0,0.149320825,0.0,0.131114646,0.0,0.0,0.0,0.110708781,0.0,0.0,0.0,0.0,0.0,0.0,0.0,0.117532968,0.0,0.116154674,0.0,0.0,0.0,0.0,0.0,0.0,0.0,0.0,0.0,0.0,0.0,0.0,0.0,0.0,0.0,0.0,0.0,0.0,0.0,0.0,0.0,0.0,0.0,0.0,0.0,0.0,0.0,0.0,0.0,0.112512507,0.0,0.141276338,0.0,0.0,0.0,0.14510363,0.121846336,0.0,0.0,0.0,0.167128767,0.0,0.0,0.0,0.0,0.0,0.0,0.0,0.0,0.0,0.0,0.0,0.0,0.0,0.0,0.0,0.0,0.0,0.0,0.0,0.0,0.0,0.0,0.0,0.0,0.0,0.0,0.0,0.0,0.0,0.0,0.0,0.0,0.0,0.0,0.0,0.0,0.0,0.0,0.0,0.0,0.0,0.0,0.175580403
G46,0.0,0.1646513,0.0,0.190201905,0.0,0.0,0.0,0.154953216,0.0,0.113630949,0.0,0.0,0.0,0.0,0.0,0.0,0.0,0.0,0.0,0.0,0.0,0.123053578,0.191692137,0.218055559,0.217984367,0.0,0.0,0.0,0.167106663,0.0,0.148626287,0.0,0.0,0.0,0.0,0.0,0.158251854,0.0,0.0,0.0,0.0,0.0,0.0,0.0,0.0,0.0,0.0,0.167220234,0.0,0.13105583,0.0,0.0,0.0,0.0,0.129516871,0.0,0.136510886,0.0,0.239455765,0.231531217,0.163359029,0.177281637,0.0,0.11273408,0.133505367,0.0,0.0,0.202690538,0.191452356,0.147444718,0.170011599,0.157479185,0.200889886,0.173745271,0.192901953,0.142393827,0.162711666,0.0,0.0,0.0,0.0,0.0,0.0,0.0,0.0,0.0,0.0,0.0,0.171540143,0.0,0.0,0.0,0.0,0.0,0.0,0.0,0.0,0.116351123,0.0,0.0,0.0,0.190225056
G47,0.0,0.174878536,0.0,0.185116389,0.121760073,0.0,0.0,0.178092236,0.0,0.152984866,0.0,0.125946186,0.0,0.0,0.0,0.0,0.0,0.0,0.0,0.0,0.0,0.167827666,0.208708042,0.248418874,0.206721231,0.0,0.0,0.172451619,0.180374602,0.0,0.0,0.0,0.0,0.0,0.173584207,0.0,0.164829856,0.0,0.0,0.0,0.0,0.0,0.0,0.111035976,0.131141303,0.112512507,0.167220234,0.0,0.0,0.141066629,0.0,0.0,0.0,0.0,0.149540008,0.0,0.141684145,0.152670578,0.210307452,0.205275263,0.201498811,0.187916846,0.0,0.11845356,0.0,0.145942802,0.137024815,0.305425863,0.161030404,0.1526772,0.166731332,0.162711666,0.186550507,0.201423425,0.150091373,0.111267516,0.186807091,0.0,0.0,0.0,0.117641143,0.0,0.0,0.0,0.120489063,0.110341272,0.0,0.0,0.195635568,0.0,0.11344122,0.0,0.0,0.158441328,0.0,0.0,0.0,0.113021298,0.0,0.0,0.0,0.232924167
G48,0.0,0.121271695,0.135289844,0.168744702,0.0,0.0,0.0,0.126366539,0.134240165,0.11791968,0.0,0.146458253,0.0,0.0,0.0,0.113954391,0.0,0.0,0.149352873,0.0,0.0,0.151792715,0.182781689,0.0,0.162524905,0.0,0.0,0.0,0.0,0.162610232,0.11855537,0.0,0.155221119,0.126301779,0.0,0.0,0.0,0.133233773,0.0,0.0,0.0,0.0,0.0,0.140352659,0.0,0.0,0.0,0.0,0.0,0.144497937,0.0,0.0,0.0,0.148467371,0.142275184,0.124690761,0.188211333,0.127920553,0.0,0.0,0.0,0.0,0.0,0.112104363,0.0,0.13190848,0.0,0.184859985,0.165492883,0.0,0.0,0.0,0.0,0.0,0.0,0.0,0.0,0.0,0.0,0.0,0.178399901,0.0,0.0,0.0,0.0,0.165204399,0.0,0.0,0.0,0.0,0.0,0.0,0.13540502,0.114705395,0.0,0.15932897,0.111981518,0.0,0.170710657,0.0,0.0,0.154697123
G49,0.0,0.234561849,0.0,0.0,0.0,0.0,0.126451987,0.177594186,0.0,0.184553994,0.112833152,0.0,0.0,0.0,0.0,0.159559812,0.18617518,0.0,0.0,0.141454654,0.0,0.140258174,0.13966396,0.272335169,0.128834827,0.0,0.151897438,0.15820554,0.120719203,0.0,0.203284394,0.0,0.0,0.0,0.0,0.0,0.0,0.0,0.0,0.16529669,0.0,0.158043919,0.184832889,0.19987112,0.11150311,0.141276338,0.13105583,0.141066629,0.144497937,0.0,0.155711218,0.0,0.165603701,0.202726631,0.0,0.161373799,0.194378317,0.0,0.226390257,0.236829252,0.226971124,0.212479711,0.168650868,0.234262802,0.140485628,0.0,0.0,0.165005971,0.114633477,0.0,0.11166445,0.0,0.0,0.0,0.165783303,0.137903059,0.0,0.133289541,0.0,0.132585454,0.157990304,0.0,0.123453993,0.0,0.0,0.232704076,0.0,0.110593932,0.0,0.115074602,0.128942726,0.0,0.0,0.18540257,0.167411326,0.109739301,0.142799093,0.0,0.0,0.0,0.0,0.270698283
G50,0.0,0.118138866,0.0,0.0,0.0,0.0,0.0,0.109982267,0.0,0.0,0.0,0.148979629,0.0,0.0,0.0,0.0,0.0,0.0,0.0,0.0,0.0,0.0,0.123239494,0.147455641,0.0,0.0,0.0,0.134157714,0.0,0.0,0.0,0.0,0.0,0.0,0.0,0.0,0.0,0.0,0.0,0.0,0.0,0.0,0.0,0.0,0.0,0.0,0.0,0.0,0.0,0.155711218,0.0,0.0,0.0,0.147029604,0.0,0.0,0.0,0.0,0.0,0.133722322,0.0,0.0,0.0,0.0,0.0,0.138299738,0.0,0.125479548,0.0,0.0,0.0,0.0,0.0,0.0,0.146111395,0.0,0.0,0.0,0.0,0.0,0.0,0.0,0.0,0.0,0.0,0.0,0.0,0.127840786,0.0,0.0,0.0,0.0,0.0,0.164970258,0.0,0.0,0.0,0.0,0.0,0.0,0.0,0.0
G51,0.0,0.189098895,0.0,0.133412159,0.0,0.0,0.0,0.116115737,0.0,0.14813336,0.0,0.113454336,0.0,0.0,0.0,0.0,0.0,0.0,0.0,0.0,0.0,0.113096661,0.0,0.0,0.0,0.0,0.0,0.0,0.0,0.0,0.0,0.0,0.0,0.0,0.120417899,0.0,0.0,0.0,0.0,0.0,0.0,0.156219041,0.0,0.0,0.0,0.0,0.0,0.0,0.0,0.0,0.0,0.0,0.120169194,0.20291292,0.126305215,0.11624763,0.113642711,0.112705213,0.125338948,0.0,0.0,0.0,0.0,0.0,0.0,0.0,0.0,0.17278774,0.0,0.0,0.126326963,0.0,0.0,0.0,0.0,0.0,0.0,0.0,0.0,0.0,0.0,0.0,0.0,0.0,0.0,0.0,0.0,0.125984086,0.0,0.0,0.0,0.0,0.0,0.173117948,0.0,0.0,0.0,0.0,0.0,0.0,0.0,0.12214285
G52,0.0,0.0,0.0,0.0,0.0,0.0,0.0,0.160554886,0.0,0.114687013,0.0,0.119032017,0.0,0.0,0.0,0.0,0.121040929,0.0,0.0,0.0,0.0,0.163466083,0.0,0.13472577,0.0,0.0,0.0,0.0,0.0,0.0,0.117473909,0.0,0.0,0.0,0.0,0.0,0.0,0.0,0.0,0.0,0.0,0.0,0.0,0.137243601,0.0,0.0,0.0,0.0,0.0,0.165603701,0.0,0.120169194,0.0,0.146175083,0.132755033,0.223320645,0.138044243,0.0,0.116688406,0.11159276,0.0,0.0,0.0,0.118732297,0.0,0.0,0.0,0.0,0.0,0.0,0.0,0.0,0.0,0.0,0.0,0.0,0.0,0.0,0.0,0.0,0.0,0.0,0.0,0.0,0.0,0.124013605,0.0,0.0,0.0,0.0,0.0,0.0,0.0,0.161216732,0.0,0.0,0.0,0.0,0.0,0.0,0.0,0.163623266
G53,0.0,0.16039149,0.110768646,0.0,0.0,0.0,0.0,0.195202575,0.0,0.149665527,0.0,0.121144234,0.0,0.0,0.0,0.0,0.0,0.129095358,0.0,0.0,0.0,0.135826243,0.125690485,0.204601833,0.112509735,0.0,0.0,0.117437533,0.130572903,0.13428763,0.194104948,0.0,0.0,0.0,0.123142482,0.0,0.150089193,0.0,0.0,0.0,0.0,0.0,0.0,0.126151619,0.0,0.14510363,0.0,0.0,0.148467371,0.202726631,0.147029604,0.20291292,0.146175083,0.0,0.153754157,0.185898138,0.127439642,0.157995964,0.219761242,0.143187757,0.0,0.150048696,0.11159899,0.135180626,0.0,0.11805876,0.124369827,0.22515922,0.151301606,0.0,0.118855408,0.0,0.0,0.159075394,0.174574872,0.17677557,0.0,0.0,0.0,0.0,0.169201937,0.127108966,0.0,0.0,0.0,0.187300664,0.0,0.129917481,0.0,0.0,0.0,0.0,0.0,0.211596175,0.156459625,0.0,0.0,0.0,0.135160031,0.111109938,0.0,0.214696068
G54,0.0,0.151189662,0.112207558,0.111875862,0.0,0.0,0.0,0.115325957,0.0,0.0,0.0,0.0,0.0,0.0,0.0,0.0,0.0,0.0,0.0,0.0,0.0,0.0,0.128377248,0.0,0.124033728,0.0,0.0,0.144634882,0.0,0.0,0.16951299,0.0,0.0,0.0,0.121021626,0.0,0.0,0.0,0.0,0.0,0.0,0.0,0.0,0.145039992,0.0,0.121846336,0.129516871,0.149540008,0.142275184,0.0,0.0,0.126305215,0.132755033,0.153754157,0.0,0.195977829,0.0,0.130716371,0.121460432,0.209248375,0.0,0.0,0.0,0.224421547,0.0,0.1275106,0.0,0.12714243,0.0,0.0,0.0,0.0,0.0,0.170838817,0.154766026,0.0,0.0,0.0,0.0,0.0,0.16071248,0.0,0.0,0.0,0.0,0.0,0.0,0.0,0.0,0.0,0.0,0.114130219,0.0,0.162206246,0.167810813,0.0,0.0,0.0,0.0,0.0,0.0,0.124677287
G55,0.0,0.141983381,0.0,0.151153244,0.0,0.0,0.0,0.0,0.0,0.0,0.0,0.0,0.0,0.0,0.0,0.0,0.0,0.0,0.0,0.0,0.0,0.157425475,0.0,0.0,0.145056266,0.0,0.0,0.170595166,0.0,0.0,0.114010536,0.0,0.0,0.0,0.0,0.0,0.11375984,0.127348773,0.0,0.0,0.0,0.115467927,0.0,0.0,0.0,0.0,0.0,0.0,0.124690761,0.161373799,0.0,0.11624763,0.223320645,0.185898138,0.195977829,0.0,0.163460941,0.181988416,0.118240579,0.110384162,0.0,0.192168361,0.0,0.0,0.0,0.158357668,0.172455047,0.0,0.117214682,0.0,0.0,0.0,0.0,0.0,0.150425065,0.0,0.0,0.0,0.0,0.0,0.0,0.0,0.0,0.0,0.125867571,0.0,0.0,0.0,0.0,0.131938706,0.0,0.0,0.134700177,0.0,0.0,0.0,0.137271221,0.0,0.0,0.0,0.0,0.0
G56,0.0,0.192429927,0.0,0.133035193,0.0,0.0,0.0,0.120054411,0.0,0.145508594,0.0,0.0,0.0,0.0,0.0,0.0,0.0,0.0,0.0,0.0,0.0,0.0,0.129328789,0.0,0.195053295,0.0,0.116452424,0.11076104,0.0,0.0,0.0,0.0,0.0,0.0,0.0,0.118531054,0.0,0.0,0.0,0.111651433,0.0,0.0,0.151328994,0.11046773,0.0,0.0,0.136510886,0.141684145,0.188211333,0.194378317,0.0,0.113642711,0.138044243,0.127439642,0.0,0.163460941,0.0,0.0,0.111399894,0.176662041,0.0,0.11133896,0.0,0.0,0.125362843,0.0,0.0,0.114332785,0.152884753,0.0,0.15169793,0.0,0.0,0.0,0.112533504,0.0,0.0,0.0,0.0,0.0,0.159082066,0.0,0.0,0.0,0.0,0.0,0.0,0.174210885,0.0,0.0,0.0,0.0,0.0,0.176788567,0.115872722,0.142236547,0.0,0.0,0.0,0.0,0.0,0.177525293
G57,0.0,0.140492012,0.110946535,0.17585075,0.0,0.0,0.0,0.0,0.0,0.0,0.146475428,0.128052234,0.0,0.0,0.0,0.0,0.111773755,0.147558072,0.0,0.0,0.0,0.124910801,0.0,0.151843239,0.115021913,0.0,0.0,0.0,0.0,0.0,0.0,0.0,0.0,0.0,0.0,0.0,0.0,0.0,0.0,0.0,0.0,0.0,0.0,0.149507009,0.0,0.0,0.0,0.152670578,0.127920553,0.0,0.0,0.112705213,0.0,0.157995964,0.130716371,0.181988416,0.0,0.0,0.0,0.133166845,0.0,0.138162244,0.0,0.0,0.0,0.0,0.122607971,0.0,0.117844014,0.0,0.122278367,0.0,0.0,0.110346776,0.0,0.0,0.0,0.0,0.0,0.0,0.146469226,0.0,0.125187879,0.110723242,0.156048688,0.113594598,0.0,0.17981848,0.0,0.0,0.0,0.0,0.0,0.152186681,0.0,0.0,0.0,0.0,0.167772692,0.152428629,0.0,0.137401501
G58,0.0,0.196997677,0.0,0.126765169,0.0,0.0,0.184996154,0.19185982,0.0,0.187535426,0.0,0.0,0.0,0.0,0.0,0.0,0.0,0.0,0.144165627,0.165116607,0.0,0.149418824,0.174654784,0.358079868,0.185769052,0.0,0.0,0.180901868,0.167665053,0.0,0.215217857,0.0,0.0,0.0,0.152500921,0.0,0.160528953,0.0,0.0,0.0,0.0,0.0,0.121161213,0.223795307,0.135382223,0.167128767,0.239455765,0.210307452,0.0,0.226390257,0.0,0.125338948,0.116688406,0.219761242,0.121460432,0.118240579,0.111399894,0.0,0.0,0.37450196,0.301115058,0.285111465,0.166778039,0.253867025,0.128398334,0.157065797,0.114965044,0.24156049,0.182144798,0.127296473,0.139285362,0.140910475,0.186457278,0.229987568,0.288036021,0.189891038,0.1650059,0.271118883,0.138174269,0.182700537,0.136620392,0.0,0.128263424,0.117861638,0.0,0.134310369,0.0,0.111592964,0.170254841,0.122777822,0.0,0.0,0.117015692,0.190937501,0.188203534,0.0,0.0,0.0,0.0,0.150261515,0.0,0.216624684
G59,0.0,0.175208211,0.0,0.17316826,0.13241407,0.0,0.0,0.193508878,0.0,0.147437614,0.0,0.0,0.0,0.0,0.0,0.0,0.0,0.0,0.0,0.131711146,0.0,0.203655461,0.225284735,0.403550661,0.246557009,0.0,0.0,0.142703072,0.206925322,0.0,0.195352224,0.0,0.0,0.0,0.110072978,0.0,0.197509579,0.117722494,0.0,0.0,0.0,0.14282493,0.0,0.221339706,0.131773128,0.0,0.231531217,0.205275263,0.0,0.236829252,0.133722322,0.0,0.11159276,0.143187757,0.209248375,0.110384162,0.176662041,0.133166845,0.37450196,0.0,0.309993798,0.362644214,0.169271741,0.228927207,0.0,0.118464412,0.0,0.252128296,0.211331401,0.146480069,0.168980476,0.157479185,0.204599059,0.206337564,0.303981459,0.151435431,0.18157461,0.184187907,0.128004686,0.139742168,0.147725341,0.0,0.0,0.113140051,0.0,0.0,0.0,0.0,0.189438438,0.117480833,0.0,0.0,0.112197101,0.226404437,0.177584882,0.134745594,0.139860556,0.0,0.164507288,0.0,0.0,0.210168034
G60,0.0,0.13232269,0.0,0.115521451,0.0,0.0,0.0,0.153239918,0.0,0.147336707,0.0,0.0,0.0,0.0,0.0,0.0,0.0,0.0,0.0,0.160658348,0.0,0.0,0.176299356,0.374655686,0.216914722,0.0,0.0,0.203752851,0.175701998,0.0,0.209433672,0.0,0.0,0.0,0.0,0.0,0.153351867,0.0,0.0,0.0,0.0,0.0,0.120896722,0.138685258,0.0,0.0,0.163359029,0.201498811,0.0,0.226971124,0.0,0.0,0.0,0.0,0.0,0.0,0.0,0.0,0.301115058,0.309993798,0.0,0.25453552,0.186716639,0.251782581,0.0,0.0,0.127337518,0.194072399,0.155758123,0.125032198,0.171403956,0.141806635,0.165835723,0.174525765,0.258299343,0.120760428,0.16590206,0.235869161,0.173524874,0.163837593,0.0,0.0,0.0,0.0,0.0,0.0,0.0,0.0,0.167990567,0.0,0.0,0.0,0.0,0.188257463,0.14399713,0.0,0.0,0.0,0.0,0.0,0.0,0.175570928
G61,0.0,0.154414011,0.109562188,0.24919657,0.142610642,0.0,0.0,0.184282261,0.0,0.165161103,0.0,0.0,0.0,0.0,0.0,0.0,0.118860029,0.128520847,0.0,0.0,0.0,0.131887524,0.174179186,0.334587558,0.17126728,0.0,0.0,0.151419804,0.207271862,0.0,0.254348994,0.0,0.0,0.0,0.0,0.145858501,0.224555946,0.0,0.0,0.0,0.0,0.0,0.129765255,0.264239876,0.0,0.0,0.177281637,0.187916846,0.0,0.212479711,0.0,0.0,0.0,0.150048696,0.0,0.192168361,0.11133896,0.138162244,0.285111465,0.362644214,0.25453552,0.0,0.168718652,0.227834413,0.0,0.138423984,0.17549892,0.229050095,0.23187509,0.180896218,0.176941927,0.157479185,0.161185639,0.196820566,0.283811421,0.157398968,0.18157461,0.164792089,0.15212556,0.131803921,0.153206222,0.0,0.0,0.117517917,0.0,0.10946536,0.0,0.0,0.242165827,0.0,0.0,0.0,0.0,0.224240515,0.200757845,0.0,0.0,0.0,0.0,0.0,0.0,0.242729663
G62,0.0,0.115720439,0.0,0.0,0.0,0.0,0.0,0.138517515,0.0,0.0,0.0,0.0,0.0,0.0,0.0,0.0,0.0,0.0,0.152725331,0.157685544,0.0,0.0,0.0,0.165095478,0.0,0.0,0.0,0.150699035,0.0,0.0,0.180015548,0.0,0.0,0.0,0.0,0.0,0.0,0.0,0.0,0.0,0.0,0.0,0.0,0.165150827,0.121324414,0.0,0.0,0.0,0.0,0.168650868,0.0,0.0,0.0,0.11159899,0.0,0.0,0.0,0.0,0.166778039,0.169271741,0.186716639,0.168718652,0.0,0.184909076,0.0,0.0,0.0,0.12071382,0.0,0.0,0.0,0.0,0.0,0.0,0.1313989,0.0,0.0,0.155355043,0.176830672,0.139742168,0.0,0.0,0.0,0.0,0.0,0.110108197,0.0,0.0,0.0,0.0,0.0,0.0,0.0,0.136734572,0.129668763,0.0,0.0,0.0,0.0,0.0,0.0,0.0
G63,0.0,0.0,0.175833695,0.0,0.0,0.0,0.0,0.0,0.0,0.122765491,0.0,0.117881034,0.0,0.0,0.0,0.0,0.0,0.0,0.109778399,0.124478156,0.0,0.0,0.120266316,0.218534031,0.11829212,0.0,0.0,0.217655852,0.0,0.0,0.224797087,0.0,0.0,0.0,0.0,0.112307541,0.0,0.0,0.0,0.0,0.0,0.0,0.138077442,0.202863221,0.231688551,0.0,0.11273408,0.11845356,0.112104363,0.234262802,0.0,0.0,0.118732297,0.135180626,0.224421547,0.0,0.0,0.0,0.253867025,0.228927207,0.251782581,0.227834413,0.184909076,0.0,0.0,0.0,0.0,0.19637094,0.112085038,0.0,0.0,0.0,0.0,0.130259178,0.215921044,0.0,0.0,0.174073239,0.139120517,0.132585454,0.196769712,0.0,0.0,0.0,0.0,0.0,0.0,0.110887631,0.0,0.0,0.0,0.17384967,0.0,0.295117207,0.225086602,0.0,0.0,0.123825145,0.0,0.0,0.0,0.139366955
G64,0.0,0.0,0.0,0.139133344,0.0,0.0,0.0,0.0,0.0,0.0,0.0,0.0,0.0,0.0,0.0,0.0,0.0,0.0,0.0,0.0,0.0,0.0,0.0,0.0,0.0,0.0,0.0,0.0,0.0,0.0,0.0,0.0,0.0,0.0,0.0,0.0,0.0,0.125205357,0.0,0.0,0.0,0.0,0.126450835,0.124202605,0.0,0.0,0.133505367,0.0,0.0,0.140485628,0.0,0.0,0.0,0.0,0.0,0.0,0.125362843,0.0,0.128398334,0.0,0.0,0.0,0.0,0.0,0.0,0.167755293,0.0,0.0,0.0,0.0,0.0,0.0,0.0,0.11932472,0.0,0.0,0.0,0.0,0.0,0.0,0.0,0.0,0.0,0.0,0.0,0.0,0.0,0.0,0.0,0.0,0.0,0.0,0.0,0.144460772,0.0,0.0,0.0,0.0,0.0,0.0,0.0,0.152139257
