  1.0000000E+08   1.958976       1.953048       1.936853       1.977504       1.945401       1.858313       1.924285       1.935596       1.925053       1.914807       1.948536       1.912467       1.973020       1.938503       1.945499       1.970375       1.945149       1.888215       1.944431       1.952559       1.971212       1.945239       1.926497       1.969144       1.808564       1.953049       1.929738       1.910561       1.931672       1.980757       1.914019       1.949884       1.968047       1.904123       1.895925       1.956071       1.922014       1.973020       1.923620       1.951952       1.921366       1.878153       1.892600       1.857328       1.975436       1.937385       1.910374       1.853927       1.963823       1.939207       1.929633       1.925512       1.959689       1.905470       1.924429       1.914396       1.903180       1.916896       1.922566       1.929172       1.960311       1.963216       1.962363       1.941986       1.977504       1.932977       1.867482       1.933530       1.922937       1.903444       1.908913       1.871644       1.815575       1.930721       1.943823       1.925080       1.973628       1.968536       1.912049       1.950374       1.961638       1.915694       1.943083       1.918690       1.884758       1.935694       1.953020       1.919338       1.966863       1.944989       1.937950       1.925241       1.963314       1.977993       1.957531       1.929215       1.959689       1.956273    
   1.958976      1.0000000E+08   1.913370       1.974599       1.891331       1.945661       1.930721       1.903012       1.979920       1.935694       1.928955       1.963823       1.908495       1.856316       1.953857       1.952789       1.897342       1.909171       1.853790       1.944891       1.943593       1.932558       1.900135       1.920869       1.947796       1.887915       1.946728       1.895291       1.910561       1.956435       1.956435       1.851510       1.952211       1.949884       1.960178       1.955582       1.910186       1.934367       1.958341       1.929912       1.975696       1.936666       1.906818       1.930374       1.952442       1.893669       1.955205       1.973020       1.931211       1.959341       1.959341       1.932559       1.930115       1.942621       1.930143       1.868808       1.940176       1.966239       1.956071       1.977504       1.921826       1.908307       1.921245       1.938272       1.942148       1.909955       1.989724       1.948161       1.924822       1.920436       1.915205       1.943823       1.973020       1.930563       1.919920       1.940176       1.914389       1.952182       1.904054       1.917020       1.977504       1.933628       1.968307       1.906497       1.940080       1.883676       1.804283       1.963823       1.970952       1.896275       1.940784       1.912830       1.920553       1.942621       1.903403       1.962363       1.951951       1.851238       1.976044    
   1.953048       1.913370      1.0000000E+08   1.957531       1.946336       1.982825       1.934627       1.907174       1.966728       1.942825       1.928431       1.904052       1.895591       1.937664       1.934019       1.896275       1.959341       1.955116       1.920219       1.949373       1.971212       1.976533       1.928753       1.943431       1.941177       1.947727       1.943083       1.946497       1.956924       1.938110       1.933048       1.930374       1.960918       1.877461       1.862978       1.950374       1.884514       1.953397       1.893697       1.942594       1.850716       1.871093       1.948698       1.896736       1.952789       1.959340       1.941986       1.895086       1.989724       1.938503       1.944054       1.889025       1.934711       1.905933       1.981017       1.927334       1.951345       1.975088       1.878718       1.969144       1.967798       1.884863       1.972183       1.938761       1.911763       1.954857       1.983172       1.922985       1.962726       1.908655       1.915045       1.903083       1.935548       1.936462       1.884514       1.883403       1.927076       1.947567       1.948335       1.909821       1.943172       1.961755       1.881392       1.954597       1.877301       1.967076       1.967700       1.969144       1.953626       1.882936       1.918243       1.854439       1.960786       1.928467       1.951114       1.954857       1.877733       1.984893       1.941826    
   1.936853       1.974599       1.957531      1.0000000E+08   1.915694       1.942496       1.954627       1.824396       1.918368       1.921917       1.989724       1.948796       1.932182       1.928768       1.913020       1.921666       1.925757       1.971212       1.975925       1.931720       1.948913       1.873927       1.927700       1.904038       1.910604       1.949172       1.982336       1.943431       1.884815       1.975925       1.904171       1.943689       1.940917       1.917733       1.919250       1.970115       1.961148       1.910792       1.910099       1.935185       1.833815       1.890792       1.933626       1.929768       1.912321       1.868564       1.804688       1.911833       1.932412       1.892167       1.959474       1.957531       1.923822       1.911818       1.953395       1.928941       1.906987       1.977504       1.920595       1.966239       1.920667       1.932817       1.970952       1.893976       1.920946       1.849922       1.937992       1.972049       1.942146       1.902621       1.854465       1.916464       1.979920       1.957531       1.921755       1.929402       1.945757       1.836880       1.941177       1.910862       1.927565       1.961408       1.952789       1.943083       1.929144       1.880366       1.929374       1.911818       1.965891       1.951951       1.942379       1.955463       1.928955       1.920178       1.877244       1.961148       1.963823       1.853581       1.931023    
   1.977504       1.891331       1.946336       1.915694      1.0000000E+08   1.945149       1.966239       1.953530       1.980409       1.952789       1.973020       1.923753       1.976044       1.905583       1.867494       1.911301       1.987309       1.901170       1.935856       1.984893       1.939892       1.957273       1.962825       1.965268       1.947076       1.953859       1.957531       1.948076       1.963662       1.961755       1.861433       1.933788       1.909564       1.970604       1.932280       1.912789       1.955925       1.958110       1.907188       1.958503       1.977504       1.855623       1.919689       1.961408       1.966239       1.967076       1.945757       1.974599       1.943822       1.942621       1.912531       1.961408       1.959081       1.941177       1.900989       1.936044       1.892789       1.905568       1.981988       1.968307       1.942726       1.879381       1.940366       1.894856       1.937762       1.930561       1.939207       1.931818       1.945777       1.926472       1.947307       1.913395       1.949981       1.933740       1.960311       1.890024       1.907078       1.977504       1.935087       1.932655       1.959689       1.897411       1.973020       1.859842       1.958732       1.890415       1.929883       1.866670       1.867307       1.940016       1.963823       1.908726       1.945401       1.975436       1.970952       1.966728       1.912049       1.938412       1.948306    
   1.945401       1.945661       1.982825       1.942496       1.945149      1.0000000E+08   1.926485       1.934627       1.942621       1.894668       1.977504       1.920078       1.951345       1.891441       1.959340       1.954857       1.951791       1.855778       1.903773       1.925401       1.970375       1.937502       1.908607       1.951212       1.966239       1.944564       1.967700       1.908376       1.914207       1.965891       1.886351       1.942754       1.971212       1.891560       1.954019       1.944660       1.939109       1.929144       1.948404       1.935409       1.913857       1.884514       1.909332       1.912483       1.924313       1.951791       1.963823       1.967076       1.924634       1.925891       1.949884       1.940917       1.921378       1.938223       1.959081       1.946918       1.851372       1.919221       1.921826       1.883245       1.955463       1.937922       1.897719       1.966239       1.925728       1.961408       1.946728       1.972183       1.975088       1.843502       1.957531       1.893466       1.896414       1.927796       1.941149       1.913395       1.944216       1.947567       1.895694       1.961246       1.947469       1.954954       1.931093       1.810010       1.965891       1.954990       1.893368       1.870876       1.985240       1.941015       1.939892       1.923284       1.963823       1.929605       1.919081       1.939801       1.949750       1.920772       1.918181    
   1.858313       1.930721       1.934627       1.954627       1.966239       1.926485      1.0000000E+08   1.948536       1.951951       1.904500       1.928335       1.937762       1.886351       1.919598       1.915491       1.914899       1.909144       1.956435       1.961148       1.928627       1.967078       1.968538       1.897223       1.931532       1.935668       1.970115       1.950980       1.888307       1.968173       1.911672       1.955598       1.982825       1.884500       1.906918       1.895207       1.952559       1.937125       1.975436       1.893048       1.937733       1.961408       1.937301       1.955694       1.964054       1.955465       1.907078       1.953413       1.953655       1.941525       1.935694       1.935694       1.966728       1.957273       1.980409       1.937433       1.969633       1.954857       1.826378       1.980409       1.905080       1.961408       1.877950       1.937531       1.952789       1.946093       1.876470       1.971212       1.914437       1.961149       1.913370       1.912483       1.940176       1.926399       1.930750       1.917692       1.864605       1.910721       1.951818       1.959599       1.838222       1.945659       1.928431       1.948536       1.957531       1.968173       1.940176       1.935548       1.911441       1.908724       1.954465       1.932789       1.956926       1.923822       1.954857       1.929724       1.948565       1.905401       1.960918       1.969752    
   1.924285       1.903012       1.907174       1.824396       1.953530       1.934627       1.948536      1.0000000E+08   1.961149       1.906860       1.899340       1.979920       1.942754       1.890792       1.896113       1.971212       1.914465       1.931183       1.933857       1.907887       1.902518       1.975436       1.909256       1.887956       1.918181       1.964313       1.968536       1.908536       1.968538       1.935463       1.957531       1.980409       1.952211       1.975925       1.975436       1.968538       1.960784       1.933626       1.932209       1.894883       1.964660       1.961755       1.948536       1.917070       1.926163       1.927419       1.930835       1.954857       1.921755       1.917154       1.939193       1.909590       1.914367       1.891169       1.921595       1.940016       1.930212       1.968886       1.970952       1.932146       1.921798       1.916316       1.906929       1.926217       1.899570       1.960918       1.964795       1.943593       1.874556       1.926310       1.920018       1.977504       1.960918       1.918222       1.878034       1.951791       1.932817       1.945890       1.862866       1.963823       1.915451       1.931212       1.964662       1.940206       1.873020       1.941246       1.937461       1.911951       1.929402       1.965891       1.847782       1.893494       1.967076       1.951951       1.836707       1.918964       1.933948       1.962594       1.954465    
   1.935596       1.979920       1.966728       1.918368       1.980409       1.942621       1.951951       1.961149      1.0000000E+08   1.865092       1.967076       1.884123       1.882287       1.927091       1.979920       1.958734       1.913976       1.952950       1.972183       1.927496       1.909821       1.947567       1.912321       1.901609       1.951692       1.919598       1.939109       1.906176       1.909765       1.966239       1.930980       1.969768       1.930374       1.943458       1.920770       1.921015       1.923677       1.929117       1.953020       1.951587       1.945919       1.960918       1.958341       1.942985       1.912398       1.953397       1.952182       1.952280       1.947467       1.929884       1.950721       1.853380       1.938501       1.897461       1.937461       1.936924       1.914654       1.963217       1.981988       1.971560       1.949723       1.942434       1.947567       1.938947       1.942754       1.872321       1.924082       1.947056       1.867608       1.947915       1.965891       1.904402       1.800338       1.910239       1.969144       1.920407       1.871314       1.874652       1.980409       1.951240       1.915925       1.975925       1.934234       1.956435       1.977852       1.916693       1.971212       1.913279       1.960784       1.955827       1.979572       1.890052       1.910093       1.920597       1.900107       1.979572       1.919109       1.932657       1.923662    
   1.925053       1.935694       1.942825       1.921917       1.952789       1.894668       1.904500       1.906860       1.865092      1.0000000E+08   1.910794       1.951818       1.939207       1.927496       1.940290       1.952560       1.912483       1.971560       1.921435       1.917531       1.897301       1.960800       1.935317       1.905848       1.874234       1.948440       1.943216       1.928306       1.929750       1.947567       1.952950       1.944822       1.896273       1.902894       1.919250       1.971212       1.958110       1.948076       1.916057       1.951329       1.855491       1.949535       1.970115       1.959340       1.916044       1.893669       1.920638       1.921568       1.953020       1.892090       1.951210       1.865352       1.892791       1.907238       1.941525       1.888753       1.919570       1.932328       1.934625       1.910330       1.928536       1.896923       1.914492       1.928767       1.932789       1.922299       1.927076       1.989377       1.935694       1.967700       1.922635       1.945053       1.927336       1.951443       1.939947       1.945497       1.921177       1.834668       1.966239       1.930980       1.880784       1.924822       1.936693       1.931211       1.919109       1.945499       1.933279       1.927496       1.935059       1.936853       1.987309       1.925714       1.963200       1.844703       1.984893       1.908419       1.966239       1.929304       1.920407    
   1.914807       1.928955       1.928431       1.989724       1.973020       1.977504       1.928335       1.899340       1.967076       1.910794      1.0000000E+08   1.932559       1.984893       1.917950       1.978341       1.896950       1.965891       1.904836       1.984404       1.966121       1.929306       1.950981       1.922823       1.857964       1.963823       1.931211       1.952559       1.929402       1.968536       1.902621       1.919897       1.975436       1.940917       1.946497       1.952789       1.959341       1.860338       1.944082       1.903300       1.917719       1.948076       1.932789       1.950374       1.922245       1.932280       1.984893       1.956924       1.925632       1.929736       1.917531       1.831685       1.961755       1.923620       1.931374       1.933886       1.896386       1.885352       1.947469       1.899109       1.936204       1.938110       1.942706       1.958243       1.948076       1.925170       1.944054       1.994208       1.885121       1.964795       1.967076       1.898802       1.911903       1.981017       1.940917       1.878528       1.902518       1.966728       1.949633       1.957531       1.962594       1.933626       1.985240       1.918039       1.936666       1.949537       1.934234       1.969144       1.958244       1.917852       1.930052       1.931818       1.934115       1.932559       1.915882       1.958732       1.921917       1.932442       1.924054       1.927189    
   1.948536       1.963823       1.904052       1.948796       1.923753       1.920078       1.937762       1.979920       1.884123       1.951818       1.932559      1.0000000E+08   1.885268       1.904688       1.959341       1.900526       1.910156       1.914856       1.908913       1.957370       1.960311       1.966239       1.940178       1.940784       1.792655       1.956925       1.977504       1.867076       1.871484       1.964660       1.906175       1.931818       1.977504       1.882201       1.896951       1.913321       1.871022       1.949535       1.865932       1.901364       1.903403       1.972049       1.918075       1.890143       1.900715       1.924242       1.926399       1.882867       1.914737       1.963823       1.923620       1.973020       1.818222       1.901839       1.907279       1.928753       1.942852       1.910093       1.944795       1.944054       1.940366       1.952442       1.901364       1.868145       1.957013       1.925611       1.973628       1.954857       1.966122       1.906239       1.903823       1.904011       1.911818       1.924355       1.908026       1.945526       1.960436       1.956533       1.870833       1.892441       1.969144       1.913669       1.924703       1.947469       1.926267       1.907656       1.913857       1.956087       1.933439       1.928118       1.932977       1.838124       1.929306       1.974599       1.954117       1.913048       1.978341       1.905283       1.922014    
   1.912467       1.908495       1.895591       1.932182       1.976044       1.951345       1.886351       1.942754       1.882287       1.939207       1.984893       1.885268      1.0000000E+08   1.925254       1.942496       1.943593       1.966239       1.976533       1.905310       1.952211       1.969026       1.883865       1.937762       1.945240       1.925590       1.903634       1.980757       1.927469       1.975088       1.859598       1.979572       1.915882       1.956273       1.931587       1.960311       1.903823       1.961149       1.953857       1.910835       1.893019       1.955925       1.954465       1.943431       1.922029       1.902894       1.923920       1.826754       1.972183       1.937964       1.943432       1.975088       1.919152       1.967684       1.974465       1.960526       1.921867       1.913208       1.898921       1.940080       1.890721       1.933886       1.969144       1.949535       1.885352       1.956435       1.942083       1.911672       1.949884       1.956924       1.972531       1.962825       1.905890       1.947565       1.895882       1.975925       1.963565       1.926497       1.963823       1.952211       1.970604       1.925500       1.920597       1.911749       1.908104       1.928335       1.954019       1.909144       1.963314       1.843677       1.954857       1.962594       1.893976       1.929996       1.937042       1.893481       1.950632       1.951952       1.979572       1.959341    
   1.973020       1.856316       1.937664       1.928768       1.905583       1.891441       1.919598       1.890792       1.927091       1.927496       1.917950       1.904688       1.925254      1.0000000E+08   1.893494       1.953048       1.919758       1.935045       1.975088       1.916302       1.951952       1.924242       1.949981       1.944564       1.934627       1.960784       1.973368       1.907091       1.846943       1.877301       1.896085       1.910143       1.962015       1.915276       1.916386       1.954627       1.914885       1.930750       1.961755       1.934597       1.904429       1.961148       1.886077       1.952789       1.931009       1.902057       1.917299       1.933724       1.928913       1.881287       1.941177       1.954857       1.928913       1.975436       1.931093       1.888376       1.967700       1.961408       1.935668       1.991792       1.944515       1.964171       1.922475       1.901755       1.952789       1.945401       1.941944       1.965631       1.952211       1.963823       1.953857       1.926036       1.960784       1.871071       1.977504       1.922014       1.858787       1.864975       1.944431       1.945149       1.937852       1.977993       1.943920       1.922174       1.906077       1.958850       1.905011       1.941944       1.942986       1.936204       1.986961       1.893535       1.907656       1.961408       1.962246       1.957879       1.931374       1.896343       1.910008    
   1.938503       1.953857       1.934019       1.913020       1.867494       1.959340       1.915491       1.896113       1.979920       1.940290       1.978341       1.959341       1.942496       1.893494      1.0000000E+08   1.892789       1.945401       1.885121       1.951791       1.911860       1.979920       1.987309       1.922434       1.945526       1.916665       1.970115       1.943083       1.900596       1.967700       1.946630       1.909884       1.955205       1.947567       1.965010       1.953397       1.967210       1.935548       1.952789       1.968307       1.951441       1.933626       1.880688       1.893137       1.941755       1.843403       1.909730       1.938138       1.828956       1.904052       1.900450       1.935234       1.970115       1.945659       1.922635       1.895086       1.931371       1.901408       1.851587       1.902105       1.895045       1.929304       1.905428       1.976533       1.938921       1.961755       1.905283       1.933626       1.841030       1.928998       1.935694       1.970115       1.923446       1.907928       1.904429       1.917692       1.857230       1.903215       1.957271       1.803270       1.955829       1.979920       1.880827       1.951791       1.935045       1.868724       1.985240       1.945401       1.964402       1.878487       1.914318       1.893397       1.883487       1.913885       1.963823       1.896435       1.938368       1.886077       1.932817       1.930186    
   1.945499       1.952789       1.896275       1.921666       1.911301       1.954857       1.914899       1.971212       1.958734       1.952560       1.896950       1.900526       1.943593       1.953048       1.892789      1.0000000E+08   1.889702       1.922852       1.970952       1.958503       1.945632       1.834087       1.855302       1.949884       1.958734       1.918112       1.980757       1.964662       1.926700       1.881680       1.936204       1.887322       1.938110       1.924877       1.937531       1.953279       1.937461       1.869347       1.935116       1.936204       1.898921       1.934954       1.915791       1.839193       1.942823       1.910561       1.931114       1.975925       1.915045       1.929795       1.881106       1.936204       1.960918       1.913886       1.933280       1.924429       1.948536       1.975436       1.936853       1.852703       1.970115       1.956762       1.962594       1.950143       1.935463       1.964660       1.935185       1.843200       1.941525       1.832789       1.926399       1.931720       1.966728       1.893139       1.925632       1.924429       1.954857       1.912977       1.959599       1.864150       1.906308       1.962245       1.913941       1.947727       1.955827       1.888376       1.960178       1.870791       1.929564       1.921943       1.962245       1.931978       1.954368       1.963823       1.931112       1.939947       1.897532       1.856881       1.949981    
   1.970375       1.897342       1.959341       1.925757       1.987309       1.951791       1.909144       1.914465       1.913976       1.912483       1.965891       1.910156       1.966239       1.919758       1.945401       1.889702      1.0000000E+08   1.980409       1.957879       1.892739       1.931818       1.903389       1.934437       1.937664       1.901595       1.912558       1.906916       1.966728       1.901595       1.958732       1.828794       1.969144       1.910093       1.954856       1.931112       1.971560       1.873223       1.943083       1.932049       1.980409       1.937502       1.964402       1.910792       1.938921       1.925241       1.919060       1.956435       1.936666       1.950374       1.944660       1.916275       1.955205       1.948173       1.971212       1.938830       1.874005       1.952440       1.907188       1.928795       1.864283       1.916560       1.907002       1.953020       1.900918       1.968931       1.943083       1.935409       1.923822       1.868724       1.929402       1.949750       1.931211       1.933626       1.973020       1.969144       1.945497       1.961148       1.880251       1.909521       1.922245       1.870401       1.935088       1.923083       1.878432       1.942594       1.912049       1.917531       1.876615       1.978341       1.984893       1.870792       1.930115       1.957531       1.948913       1.919340       1.932558       1.962245       1.971560       1.973020    
   1.945149       1.909171       1.955116       1.971212       1.901170       1.855778       1.956435       1.931183       1.952950       1.971560       1.904836       1.914856       1.976533       1.935045       1.885121       1.922852       1.980409      1.0000000E+08   1.832746       1.940569       1.916992       1.966239       1.948076       1.950980       1.931656       1.908026       1.937301       1.940178       1.872371       1.929535       1.953530       1.913655       1.829492       1.945499       1.928913       1.926310       1.963216       1.952211       1.939109       1.915694       1.894368       1.877342       1.864528       1.952559       1.918964       1.956926       1.868767       1.880638       1.950721       1.972183       1.944178       1.917154       1.954857       1.964054       1.937301       1.893626       1.853306       1.913669       1.907915       1.895897       1.952789       1.959689       1.956924       1.900312       1.962246       1.947307       1.938110       1.934597       1.947209       1.935694       1.931818       1.935598       1.967798       1.914738       1.930374       1.928955       1.942217       1.918788       1.918947       1.912586       1.973020       1.915088       1.970952       1.861190       1.959947       1.862447       1.930721       1.980757       1.920407       1.950143       1.930980       1.933724       1.949277       1.945499       1.934883       1.938138       1.891560       1.943593       1.958503    
   1.888215       1.853790       1.920219       1.975925       1.935856       1.903773       1.961148       1.933857       1.972183       1.921435       1.984404       1.908913       1.905310       1.975088       1.951791       1.970952       1.957879       1.832746      1.0000000E+08   1.782488       1.843675       1.869073       1.971560       1.970115       1.851324       1.948305       1.922014       1.935925       1.893626       1.862893       1.949373       1.899801       1.970604       1.946497       1.929117       1.860653       1.823055       1.949981       1.918962       1.970115       1.904151       1.949402       1.929795       1.962594       1.944660       1.866744       1.974117       1.936435       1.880381       1.934711       1.935882       1.957993       1.932559       1.938272       1.969144       1.927656       1.966728       1.958718       1.910749       1.905958       1.958341       1.958110       1.930399       1.946093       1.873235       1.950143       1.973020       1.973020       1.913831       1.943851       1.917692       1.950212       1.968536       1.910980       1.936155       1.884284       1.958368       1.954465       1.918299       1.901408       1.968886       1.925526       1.951114       1.981988       1.931141       1.941408       1.782186       1.968538       1.926239       1.935059       1.965268       1.936505       1.933048       1.849717       1.844095       1.911253       1.882201       1.958830       1.901826    
   1.944431       1.944891       1.949373       1.931720       1.984893       1.925401       1.928627       1.907887       1.927496       1.917531       1.966121       1.957370       1.952211       1.916302       1.911860       1.958503       1.892739       1.940569       1.782488      1.0000000E+08   1.883215       1.923271       1.934536       1.930239       1.885702       1.919081       1.900262       1.987309       1.964662       1.939716       1.974599       1.980409       1.954465       1.849563       1.927076       1.970952       1.956666       1.946728       1.963662       1.940569       1.889444       1.963823       1.970604       1.955829       1.903083       1.912209       1.950470       1.949633       1.966728       1.957042       1.968884       1.928378       1.943431       1.938599       1.950721       1.914305       1.861364       1.961149       1.901246       1.937950       1.929025       1.877933       1.945497       1.950374       1.914234       1.872398       1.962852       1.945401       1.935694       1.931183       1.940080       1.962246       1.966239       1.979572       1.939918       1.905891       1.979920       1.958734       1.961757       1.873901       1.971212       1.941337       1.944429       1.908187       1.951791       1.964431       1.846916       1.940409       1.916371       1.966121       1.950604       1.921826       1.870532       1.963314       1.891253       1.933019       1.921826       1.932789       1.922014    
   1.952559       1.943593       1.971212       1.948913       1.939892       1.970375       1.967078       1.902518       1.909821       1.897301       1.929306       1.960311       1.969026       1.951952       1.979920       1.945632       1.931818       1.916992       1.843675       1.883215      1.0000000E+08   1.950981       1.939109       1.891253       1.914074       1.883851       1.914885       1.947467       1.933699       1.948913       1.932182       1.980757       1.941177       1.915694       1.982825       1.966105       1.881664       1.920946       1.935694       1.938947       1.859408       1.930374       1.964054       1.941177       1.956087       1.947210       1.944660       1.882447       1.869144       1.883200       1.936533       1.929633       1.941408       1.956924       1.911672       1.904836       1.867622       1.893697       1.963217       1.927824       1.892300       1.849359       1.987309       1.930561       1.914856       1.894668       1.937762       1.942014       1.925401       1.968886       1.953857       1.949537       1.968307       1.944564       1.921867       1.950981       1.943823       1.957531       1.922663       1.913628       1.923920       1.860440       1.911693       1.928536       1.920758       1.925242       1.866818       1.921177       1.955088       1.905611       1.941986       1.925121       1.964795       1.928076       1.966728       1.935694       1.832629       1.888333       1.894465    
   1.971212       1.932559       1.976533       1.873927       1.957273       1.937502       1.968538       1.975436       1.947567       1.960800       1.950981       1.966239       1.883864       1.924242       1.987309       1.834087       1.903389       1.966239       1.869073       1.923271       1.950981      1.0000000E+08   1.948682       1.867461       1.947469       1.951443       1.942754       1.958341       1.932559       1.924919       1.974599       1.964795       1.907002       1.876343       1.878871       1.881824       1.941755       1.891413       1.959341       1.949884       1.930835       1.938503       1.975436       1.931309       1.888884       1.899340       1.857922       1.970115       1.904660       1.906582       1.925611       1.953049       1.961755       1.846260       1.965631       1.923431       1.946863       1.965631       1.950374       1.941015       1.920107       1.957993       1.945661       1.913395       1.889053       1.945757       1.931818       1.914220       1.900784       1.899458       1.877139       1.967700       1.941986       1.939178       1.932182       1.876462       1.927768       1.934046       1.929306       1.923243       1.888333       1.942594       1.967684       1.895505       1.955694       1.902056       1.907887       1.958370       1.939716       1.820536       1.979920       1.925149       1.929864       1.937762       1.935045       1.914856       1.943216       1.917127       1.936505    
   1.945239       1.900135       1.928753       1.927700       1.962825       1.908607       1.897223       1.909256       1.912321       1.935317       1.922823       1.940178       1.937762       1.949981       1.922434       1.855302       1.934437       1.948076       1.971560       1.934536       1.939109       1.948682      1.0000000E+08   1.942690       1.873843       1.944053       1.933788       1.968047       1.929215       1.975088       1.944515       1.964054       1.939178       1.935088       1.934220       1.820624       1.917084       1.895045       1.959341       1.890330       1.954856       1.943823       1.891903       1.907727       1.929010       1.887405       1.914885       1.922985       1.975925       1.934625       1.914292       1.963216       1.937922       1.917530       1.962246       1.966470       1.956435       1.919758       1.897370       1.923446       1.865730       1.942754       1.880751       1.945890       1.927496       1.855188       1.942148       1.952211       1.839136       1.880698       1.951441       1.895045       1.959689       1.975925       1.901826       1.952211       1.921783       1.909507       1.945661       1.898921       1.901595       1.908159       1.939570       1.856951       1.981988       1.942852       1.893859       1.940918       1.922461       1.949375       1.947105       1.966239       1.909094       1.872957       1.888665       1.968536       1.955302       1.923620       1.982825    
   1.926497       1.920869       1.943431       1.904038       1.965268       1.951212       1.931532       1.887956       1.901609       1.905848       1.857964       1.940784       1.945240       1.944564       1.945526       1.949884       1.937664       1.950980       1.970115       1.930239       1.891253       1.867461       1.942690      1.0000000E+08   1.962379       1.924313       1.868607       1.941784       1.961149       1.970723       1.926336       1.931532       1.916967       1.835086       1.945401       1.962594       1.890143       1.936924       1.957042       1.926819       1.945890       1.969633       1.931818       1.945526       1.905096       1.971212       1.879109       1.977504       1.918285       1.961408       1.957879       1.912181       1.921852       1.862756       1.960784       1.927768       1.939110       1.914117       1.973020       1.935463       1.941177       1.935694       1.954250       1.928767       1.936204       1.902727       1.905325       1.923446       1.880624       1.938368       1.962379       1.950721       1.898459       1.927796       1.944891       1.927147       1.884354       1.951952       1.956533       1.953020       1.960918       1.931211       1.921203       1.939109       1.923563       1.940176       1.853927       1.946728       1.863603       1.877831       1.968884       1.943405       1.929046       1.934625       1.949144       1.970115       1.881910       1.929864       1.905241    
   1.969144       1.947796       1.941177       1.910604       1.947076       1.966239       1.935668       1.918181       1.951692       1.874234       1.963823       1.792655       1.925590       1.934627       1.916665       1.958734       1.901595       1.931656       1.851324       1.885702       1.914074       1.947469       1.873843       1.962379      1.0000000E+08   1.950472       1.917140       1.970375       1.956435       1.950981       1.916853       1.942245       1.915205       1.944313       1.906916       1.888929       1.889185       1.928726       1.947469       1.946630       1.915925       1.950981       1.915463       1.948536       1.919961       1.858165       1.961755       1.965730       1.899178       1.949768       1.918272       1.946959       1.967078       1.942406       1.898083       1.930794       1.954346       1.867076       1.964795       1.950143       1.932146       1.915625       1.946497       1.969768       1.953857       1.928955       1.899947       1.883591       1.977504       1.953048       1.968536       1.930721       1.918299       1.921568       1.795806       1.956042       1.948306       1.939947       1.925526       1.933424       1.904662       1.905283       1.954003       1.937113       1.868362       1.896071       1.941246       1.975088       1.936924       1.885037       1.952211       1.925430       1.915694       1.913626       1.944082       1.951791       1.987656       1.959341       1.968307    
   1.808564       1.887915       1.947727       1.949172       1.953859       1.944564       1.970115       1.964313       1.919598       1.948440       1.931211       1.956925       1.903634       1.960784       1.970115       1.918112       1.912558       1.908026       1.948306       1.919081       1.883851       1.951443       1.944053       1.924313       1.950472      1.0000000E+08   1.881895       1.943083       1.948565       1.927565       1.971212       1.959081       1.944564       1.948913       1.923662       1.926497       1.952049       1.945401       1.888837       1.961408       1.929142       1.774947       1.946728       1.952211       1.945890       1.946497       1.984056       1.975088       1.947565       1.965891       1.942754       1.962852       1.946093       1.960178       1.961986       1.930303       1.909681       1.914115       1.918137       1.932629       1.907985       1.920946       1.977852       1.942014       1.924285       1.936344       1.916386       1.931441       1.948307       1.837213       1.966728       1.936414       1.920758       1.944793       1.947469       1.946122       1.951951       1.949884       1.940757       1.979572       1.903403       1.959918       1.940338       1.984893       1.877803       1.911994       1.905310       1.954627       1.951141       1.925428       1.954492       1.906203       1.977504       1.951818       1.896881       1.870561       1.807907       1.975436       1.968931    
