,Unnamed: 0,G1,G2,G3,G4,G5,G6,G7,G8,G9,G10,G11,G12,G13,G14,G15,G16,G17,G18,G19,G20,G21,G22,G23,G24,G25,G26,G27,G28,G29,G30,G31,G32,G33,G34,G35,G36,G37,G38,G39,G40,G41,G42,G43,G44,G45,G46,G47,G48,G49,G50,G51,G52,G53,G54,G55,G56,G57,G58,G59,G60,G61,G62,G63,G64,G65,G66,G67,G68,G69,G70,G71,G72,G73,G74,G75,G76,G77,G78,G79,G80,G81,G82,G83,G84,G85,G86,G87,G88,G89,G90,G91,G92,G93,G94,G95,G96,G97,G98,G99,G100,G0
Unnamed: 0,0.0,0.0,0.0,0.0,0.0,0.0,0.0,0.0,0.0,0.0,0.0,0.0,0.0,0.0,0.0,0.0,0.0,0.0,0.0,0.0,0.0,0.0,0.0,0.0,0.0,0.0,0.0,0.0,0.0,0.0,0.0,0.0,0.0,0.0,0.0,0.0,0.0,0.0,0.0,0.0,0.0,0.0,0.0,0.0,0.0,0.0,0.0,0.0,0.0,0.0,0.0,0.0,0.0,0.0,0.0,0.0,0.0,0.0,0.0,0.0,0.0,0.0,0.0,0.0,0.0,0.0,0.0,0.0,0.0,0.0,0.0,0.0,0.0,0.0,0.0,0.0,0.0,0.0,0.0,0.0,0.0,0.0,0.0,0.0,0.0,0.0,0.0,0.0,0.0,0.0,0.0,0.0,0.0,0.0,0.0,0.0,0.0,0.0,0.0,0.0,0.0,
G1,0.0,0.0,0.285887016,0.117153553,0.289406451,0.08625791,0.027824077,0.152989394,0.183998282,0.080427659,0.135830911,0.104849718,0.133665799,0.047267033,0.040375634,0.040375634,0.037496363,0.044150289,0.130112145,0.060589745,0.027333184,0.02514939,0.155514543,0.172783252,0.19695252,0.205483031,0.105625406,0.10319048,0.142969041,0.190941724,0.091661381,0.148650964,0.012860225,0.093150505,0.045905119,0.073611867,0.082727867,0.257191665,0.045625834,0.047668153,0.066615181,0.043133448,0.070343403,0.099834933,0.138675253,0.121296091,0.175580403,0.190225056,0.232924167,0.154697123,0.270698283,0.077066545,0.12214285,0.163623266,0.214696068,0.124677287,0.092767698,0.177525293,0.137401501,0.216624684,0.210168034,0.175570928,0.242729663,0.054844934,0.139366955,0.152139257,0.154719645,0.177005397,0.246468522,0.219627231,0.169929093,0.233036862,0.157479185,0.199308553,0.263422958,0.165991104,0.167946287,0.200437554,0.0898747,0.034841179,0.031809813,0.169224019,0.063214465,0.070305654,0.058260087,0.063717623,0.114765151,0.107608221,0.051412131,0.209522469,0.084794335,0.0955421,0.093209092,0.07294642,0.124847961,0.209428708,0.112430888,0.081854387,0.133658291,0.038989083,0.113887905,0.150842329
G2,0.0,0.285887016,0.0,0.120743641,0.201941916,0.108957112,0.04202153,0.142118053,0.224672397,0.060109505,0.130076648,0.098765891,0.181647692,0.08967224,0.055268259,0.055268259,0.084953656,0.083640065,0.117108043,0.083171615,0.062101831,0.002895394,0.117024613,0.173556511,0.196808402,0.197481771,0.073781467,0.048711298,0.111529844,0.160846914,0.069533743,0.106003922,0.015798277,0.121155112,0.018079968,0.11461628,0.103847619,0.130086894,0.041898752,0.059885886,0.064947036,0.08892696,0.087895693,0.116660937,0.133164083,0.063263846,0.149320825,0.1646513,0.174878536,0.121271695,0.234561849,0.118138866,0.189098895,0.094998401,0.16039149,0.151189662,0.141983381,0.192429927,0.140492012,0.196997677,0.175208211,0.13232269,0.154414011,0.115720439,0.095084338,0.074855834,0.069995161,0.164961771,0.217371804,0.176599408,0.107305088,0.125939154,0.097408867,0.12645241,0.195494132,0.162910754,0.132615066,0.140367236,0.068516295,0.060943956,0.053331537,0.120237231,0.052045335,0.082323643,0.116612353,0.057222385,0.125009115,0.07858473,0.092870954,0.150263456,0.093032915,0.075495422,0.09566122,0.063269147,0.15138127,0.083886553,0.045830507,0.125390474,0.099179884,0.074213829,0.058981556,0.156752756
G3,0.0,0.117153553,0.120743641,0.0,0.177519645,0.125072721,0.091064576,0.126116409,0.092939691,0.024319171,0.071236616,0.100617974,0.132509415,0.088114116,0.070395756,0.070395756,0.099308045,0.170571044,0.09002495,0.073762385,0.054503851,0.036168531,0.070114196,0.149313352,0.079334968,0.132049289,0.072590702,0.134795501,0.109455061,0.083441018,0.062498946,0.113093673,0.024606646,0.14098758,0.075269553,0.102921158,0.052770718,0.087287727,0.03829232,0.04058553,0.043189085,0.08755449,0.112803504,0.071568298,0.128889982,0.046438227,0.076820506,0.094607759,0.07265301,0.135289844,0.09214677,0.059887247,0.09751427,0.092869201,0.110768646,0.112207558,0.098080519,0.049158373,0.110946535,0.077552538,0.086273954,0.04459534,0.109562188,0.060515397,0.175833695,0.077944679,0.082271122,0.063907578,0.105424769,0.076359064,0.017845774,0.082030322,0.008760858,0.049491622,0.050896984,0.081172327,0.022189545,0.032856283,0.029736155,0.043211121,0.027938357,0.062675428,0.079516615,0.069409961,0.04481598,0.065290534,0.102654697,0.08636364,0.121188841,0.041941199,0.051197425,0.144325278,0.141696141,0.088531158,0.130953526,0.102070348,0.092023728,0.057590656,0.101400442,0.075853305,0.076141837,0.086522625
G4,0.0,0.289406451,0.201941916,0.177519645,0.0,0.134119328,0.06625572,0.115800858,0.303728845,0.083624848,0.114190611,0.116135312,0.203363778,0.128424546,0.074131203,0.070658944,0.077127811,0.16836569,0.075125161,0.117599353,0.077333851,0.016159609,0.202247908,0.212060508,0.228959469,0.260163994,0.099718973,0.099687725,0.155041251,0.197601607,0.050459173,0.152895044,0.017380886,0.133741373,0.070878971,0.115556187,0.161885967,0.219210145,0.07846084,0.064221054,0.075926678,0.043992976,0.083459343,0.116765998,0.092462286,0.079890463,0.131114646,0.190201905,0.185116389,0.168744702,0.106757456,0.048858918,0.133412159,0.10055032,0.107795861,0.111875862,0.151153244,0.133035193,0.17585075,0.126765169,0.17316826,0.115521451,0.24919657,0.080265008,0.066449981,0.139133344,0.143450001,0.147659667,0.172185587,0.187865518,0.141031652,0.191049854,0.142924027,0.160321024,0.187322497,0.177009751,0.190054052,0.142924027,0.063656801,0.054148787,0.03271376,0.146136299,0.062261089,0.05519063,0.070514833,0.089668595,0.095514104,0.121394616,0.098478255,0.15227213,0.092868522,0.096852515,0.101489725,0.137225669,0.110538556,0.110611084,0.114082208,0.109407268,0.078730555,0.046041144,0.101525591,0.187297988
G5,0.0,0.08625791,0.108957112,0.125072721,0.134119328,0.0,0.070419544,0.05698992,0.118933663,0.066894197,0.088046197,0.086197066,0.106021835,0.127086071,0.068947375,0.08439376,0.080453187,0.091229305,0.069201055,0.051510754,0.08290331,0.0214366,0.119121785,0.149581914,0.148730706,0.126125297,0.048922509,0.068505935,0.0610495,0.047172894,0.062666353,0.040337476,0.012860225,0.055763673,0.006705078,0.050166329,0.05248001,0.043351256,0.018034514,0.031174715,0.069033262,0.038004078,0.046750381,0.041881049,0.042351227,0.002319171,0.041952946,0.078116946,0.121760073,0.0917014,0.105328728,0.033085449,0.047468315,0.050679498,0.081769271,0.051183903,0.041246754,0.057001018,0.068127894,0.098706516,0.13241407,0.083216441,0.142610642,0.043869574,0.063156055,0.040107028,0.040759947,0.025262894,0.103352806,0.044568348,0.03825874,0.098942375,0.049485148,0.054305912,0.051888735,0.074935013,0.034397429,0.05471763,0.031327058,0.035467027,0.045599686,0.02554022,0.012094168,0.063371957,0.086978465,0.05297645,0.079290339,0.075608961,0.072723426,0.080167234,0.046283234,0.040907524,0.014959386,0.05332996,0.111267831,0.02548083,0.047914138,0.050552244,0.021787182,0.083332234,0.042793927,-0.026268585
G6,0.0,0.027824077,0.04202153,0.091064576,0.06625572,0.070419544,0.0,0.033887419,0.066211303,-0.000346215,0.063900389,0.041522586,0.049856846,0.065294952,0.06241695,0.06241695,0.060985454,0.085747538,0.051955536,0.052659119,0.042673182,-0.002316524,0.043149487,0.071755243,0.02583658,0.011159286,0.025938716,-0.001527776,0.045235416,0.01289154,0.028971586,0.032153741,0.001516428,0.04715672,0.028327295,0.021499939,0.011098821,0.004074607,-0.00367333,0.020082555,0.008612543,0.017812022,0.040245466,0.012565418,0.056664871,0.003941283,0.035421557,0.023340482,0.056091982,0.028175189,0.04213269,0.00153399,0.009786251,0.044597651,0.026765631,0.008070448,0.014913999,0.01045871,0.034700758,0.071669485,0.058180529,0.025643878,0.009295536,0.020651709,0.036387348,0.016605437,0.032866162,0.020510658,0.013412087,0.018689579,0.002408203,0.02192738,0.000944908,0.020126792,0.030226533,0.022861679,-0.000738196,0.025040333,0.004486353,0.014772638,0.023593355,0.007044133,0.020085572,0.027714756,0.003840244,0.007341557,0.013088979,0.018299983,0.021417271,0.026503628,0.007773538,0.002656394,0.00219356,0.017242295,0.027364625,0.026579878,0.027032233,0.015785015,0.020608325,0.045563432,0.018914028,0.013376507
G7,0.0,0.152989394,0.142118053,0.126116409,0.115800858,0.05698992,0.033887419,0.0,0.074411995,0.038040067,0.074257116,0.07379362,0.0966127,0.068482734,0.062665019,0.047994625,0.056936628,0.081152317,0.032757596,0.052660946,0.049230312,0.017101247,0.102624873,0.066847684,0.10456977,0.086974927,0.069464557,0.039082066,0.095656245,0.06597834,0.031202506,0.086718103,0.011189528,0.036568727,0.008863099,0.05948082,0.084640726,0.051702377,0.037274411,0.03378612,0.053748793,0.016631459,0.06409191,0.076476109,0.061528457,0.076425483,0.088431784,0.087481902,0.095722421,0.10467586,0.126451987,0.049297533,0.019929864,0.081158494,0.063125011,0.037342396,0.027515808,0.097915145,0.088697029,0.184996154,0.074329458,0.086299994,0.091666509,0.047371634,0.091195421,0.028611183,0.055230752,0.095099312,0.12006262,0.002550623,0.022352927,0.110034352,0.054532085,0.061450272,0.066117631,0.053133691,0.187184242,0.035669142,0.025909762,0.059874364,0.04480951,0.088317327,0.037307769,0.059323586,0.088927943,0.038762493,0.046990904,0.040618545,0.025012004,0.046448352,0.099079788,0.042410303,0.024755562,0.031409901,0.076931605,0.088990504,0.065335986,0.063538901,0.017772032,0.023827806,0.011953645,0.091638484
G8,0.0,0.183998282,0.224672397,0.092939691,0.303728845,0.118933663,0.066211303,0.074411995,0.0,0.031625297,0.170685539,0.091852938,0.124962108,0.07957561,0.0766988,0.0766988,0.107579044,0.08865913,0.117820852,0.100730263,0.095745616,0.0225709,0.142816571,0.195539817,0.194116883,0.187044383,0.091225672,0.031901621,0.137178217,0.180513549,0.072992454,0.095536999,0.006204863,0.055531941,0.043473782,0.086042055,0.126100405,0.138838246,0.054306491,0.044046957,0.110399216,0.059038484,0.052841318,0.126240946,0.12304465,0.084088219,0.110708781,0.154953216,0.178092236,0.126366539,0.177594186,0.109982267,0.116115737,0.160554886,0.195202575,0.115325957,0.102484239,0.120054411,0.069067101,0.19185982,0.193508878,0.153239918,0.184282261,0.138517515,0.073959777,0.088621136,0.170189924,0.20209738,0.210880671,0.221378327,0.10866575,0.13605987,0.121545458,0.126047666,0.175134456,0.169571497,0.184994615,0.145640883,0.085809212,0.101017184,0.05335111,0.120648485,0.069672745,0.083776547,0.097884488,0.085412235,0.097907991,0.091657123,0.071085559,0.163825434,0.095220537,0.041860906,0.052438811,0.086900497,0.177099212,0.055357531,0.097277565,0.070814211,0.076322843,0.087089687,0.104556696,0.122733308
G9,0.0,0.080427659,0.060109505,0.024319171,0.083624848,0.066894197,-0.000346215,0.038040067,0.031625297,0.0,0.03205764,0.119210902,0.107892914,0.125019594,0.003525729,0.003525729,0.067853195,0.097953043,0.032933535,0.059644456,0.067722336,0.010199725,0.071086914,0.03376622,0.038281566,0.092682001,0.007422778,0.035101259,0.056915638,0.083909488,0.060663316,0.041516768,0.001753128,0.026503586,0.023751721,0.040701509,0.040206997,0.035547958,0.112664595,0.103142991,0.054825513,0.002768885,0.058092074,0.028627388,0.028636142,0.039786301,0.060845894,0.018050036,0.033111627,0.134240165,0.074256772,0.012876484,0.031205914,0.035037584,0.040165147,0.060151466,0.020801372,0.067926686,0.093971547,0.047473049,0.050296543,0.043708992,0.068546288,0.025296144,0.039623645,0.068680152,0.037291604,0.059140771,0.048342167,0.069407041,0.02123019,0.038697813,0.019644941,0.065035716,0.028839625,0.023459008,0.046431844,0.043740366,0.010077748,0.058555947,0.005318241,0.088302122,0.012575987,0.095027559,0.08005364,0.129812135,0.135625852,0.115111409,0.095923079,0.045325615,0.03720475,0.027470339,0.07168853,0.090308931,0.02855248,0.061620341,0.087010111,0.034903733,0.01106858,0.03320029,0.027718187,0.069112086
G10,0.0,0.135830911,0.130076648,0.071236616,0.114190611,0.088046197,0.063900389,0.074257116,0.170685539,0.03205764,0.0,0.106169292,0.147689598,0.100621755,0.073403529,0.073403529,0.090600658,0.15897273,0.093156096,0.097851281,0.118254604,0.004939478,0.154681669,0.156499935,0.15924008,0.147890982,0.034054565,0.04510718,0.089403493,0.134892661,0.109102126,0.175674276,0.010028725,0.062504945,0.03870769,0.10456144,0.039943933,0.121047302,0.028302482,0.064582948,0.059389782,0.020518709,0.092856172,0.08225524,0.16865489,0.104828553,0.058668796,0.113630949,0.152984866,0.11791968,0.184553994,0.07948463,0.14813336,0.114687013,0.149665527,0.099988749,0.107493919,0.145508594,0.074574953,0.187535426,0.147437614,0.147336707,0.165161103,0.085352807,0.122765491,0.088906067,0.100756888,0.075120547,0.113834408,0.073203785,0.059222078,0.096090926,0.068188801,0.096394653,0.104514718,0.161464827,0.052848752,0.092284226,0.092398304,0.091272286,0.088067679,0.065000412,0.053620576,0.050559814,0.056434898,0.029650079,0.007373326,0.041982069,0.033883572,0.102180446,0.106424533,0.052092305,0.042301896,0.097528798,0.221795796,0.147063378,0.128031301,0.043564139,0.058160151,0.030480456,0.044980747,0.115612074
G11,0.0,0.104849718,0.098765891,0.100617974,0.116135312,0.086197066,0.041522586,0.07379362,0.091852938,0.119210902,0.106169292,0.0,0.175400223,0.165775474,0.044281609,0.044281609,0.086827352,0.11894763,0.106386685,0.103430577,0.082370738,0.023666844,0.10907477,0.057080743,0.080850055,0.10665964,0.11190637,0.058537394,0.054276078,0.060565823,0.037189004,0.07247271,0.018594869,0.044693414,0.033695519,0.084216751,0.05555967,0.035798038,0.108485844,0.131272282,0.044444393,0.049537563,0.064151386,0.034458316,0.077671958,0.057607076,0.088188416,0.066844564,0.0392766,0.088286263,0.112833152,0.044913761,0.048351031,0.064281267,0.066871992,0.072761217,0.04334958,0.097114681,0.146475428,0.08692701,0.074246024,0.032199172,0.101346672,0.035129826,0.06734584,0.069324979,0.018567033,0.041676263,0.021957575,0.059446054,0.019854412,0.043188063,0.017765905,0.045808609,0.035215245,0.023379007,0.07358078,0.04186133,0.032244266,0.068441261,0.022905449,0.094462645,0.01055939,0.084234665,0.075246636,0.090198926,0.091203504,0.116915815,0.125116095,0.043949837,0.071116437,0.061120444,0.043912047,0.037502729,0.061740277,0.040732431,0.038922627,0.041212723,0.048111812,0.054540351,0.035652214,0.071992021
G12,0.0,0.133665799,0.181647692,0.132509415,0.203363778,0.106021835,0.049856846,0.0966127,0.124962108,0.107892914,0.147689598,0.175400223,0.0,0.172276286,0.050782421,0.052066303,0.086361704,0.157359327,0.140400905,0.125910034,0.088241328,0.047650001,0.179222521,0.145465468,0.09617077,0.121150071,0.116920383,0.093624495,0.065801774,0.040270787,0.093328193,0.110914481,0.008744842,0.084270246,0.024857808,0.094480659,0.085167579,0.137144275,0.113259572,0.1251434,0.091296236,0.031590443,0.127028,0.057296418,0.084595684,0.143660792,0.097172869,0.105860058,0.125946186,0.146458253,0.10143496,0.148979629,0.113454336,0.119032017,0.121144234,0.093244078,0.099008733,0.099232876,0.128052234,0.087379997,0.074940171,0.0472964,0.108944832,0.100114978,0.117881034,0.0912185,0.145045077,0.167964496,0.091081697,0.101714788,0.025442889,0.114139698,0.014966755,0.083850013,0.060308873,0.075185574,0.057957179,0.020199237,0.072109571,0.094752893,0.028776038,0.113249899,0.032598196,0.164550803,0.104587008,0.124241777,0.113183185,0.177058694,0.155806325,0.06192751,0.093864523,0.059334084,0.097272495,0.143587946,0.118785804,0.096676383,0.070835047,0.120909882,0.118753042,0.074137007,0.051626672,0.108505774
G13,0.0,0.047267033,0.08967224,0.088114116,0.128424546,0.127086071,0.065294952,0.068482734,0.07957561,0.125019594,0.100621755,0.165775474,0.172276286,0.0,0.06131084,0.06131084,0.097971893,0.151260735,0.065692479,0.129603593,0.098434979,0.004305894,0.122534905,0.087273522,0.045599522,0.094812728,0.036871003,0.031142599,0.03871733,0.032291864,0.035407035,0.05940125,0.000410318,0.030475658,0.034345853,0.038588044,0.030262876,0.042894876,0.126007499,0.124008652,0.049123357,0.025040333,0.080956793,0.040184833,0.05057988,0.07015171,0.074832741,0.062733383,0.054851614,0.098038778,0.055459406,0.050937304,0.073580573,0.066836035,0.04120379,0.043708254,0.061821606,0.071780799,0.10090396,0.060107811,0.04740706,0.026149953,0.04570745,0.062758128,0.057033301,0.07524069,0.052659346,0.065942881,0.037718205,0.05827743,0.002095026,0.052988221,0.001667149,0.029451481,0.015815856,0.045529644,0.056513672,0.001667149,0.005225636,0.067514122,0.001243802,0.073982471,0.024690697,0.096663714,0.083716657,0.119781476,0.082135096,0.113325109,0.132343684,0.002095026,0.044211392,0.042004583,0.05025582,0.045145143,0.053168137,0.061369336,0.052901403,0.035693506,0.036038402,0.055459406,0.039199375,0.094476142
G14,0.0,0.040375634,0.055268259,0.070395756,0.074131203,0.068947375,0.06241695,0.062665019,0.0766988,0.003525729,0.073403529,0.044281609,0.050782421,0.06131084,0.0,0.061103577,0.066384333,0.067294076,0.023971411,0.064930132,0.03732068,0.025564834,0.058862624,0.048963208,0.013266826,0.016679858,0.037855619,0.015330804,0.021974967,0.016119761,0.016219986,0.036463319,0.000203054,0.015330804,0.003768168,0.019225679,0.021308908,0.020077285,0.022889934,0.015633168,0.032380994,0.04222712,0.019008271,0.02526222,0.025989894,0.021552332,0.041080816,0.022368463,0.029114708,0.022679243,0.021377731,0.021974967,0.025989894,0.065772959,0.020797817,0.046267342,0.027435164,0.032147983,0.02493606,0.018418472,0.016679858,0.004768428,0.027482626,0.042654256,0.016679858,0.023045507,0.030088099,0.020563823,0.030786647,0.021998008,0.001036539,0.007512624,0.000824888,0.002584335,0.007808947,0.021377731,0.031508929,0.000824888,0.002584335,0.006649121,0.000615455,0.018633016,0.016058686,0.02834677,0.015829904,0.018164134,0.053227107,0.066211911,0.02242121,0.001036539,0.014479484,0.034893558,0.015770453,0.025104487,0.030350546,0.022787938,0.018633016,0.025104487,0.028470516,0.020543861,0.017632599,0.046885462
G15,0.0,0.040375634,0.055268259,0.070395756,0.070658944,0.08439376,0.06241695,0.047994625,0.0766988,0.003525729,0.073403529,0.044281609,0.052066303,0.06131084,0.061103577,0.0,0.103039113,0.067294076,0.023971411,0.064930132,0.03732068,0.00212975,0.052344117,0.048963208,0.013266826,0.016679858,0.018126552,0.015330804,0.021974967,0.016119761,0.016219986,0.048849863,0.000203054,0.015330804,0.003768168,0.015770453,0.024118455,0.020077285,0.022889934,0.021377731,0.042395885,0.022162332,0.015330804,0.02526222,0.029584258,0.024560105,0.039774407,0.026745059,0.031377992,0.022679243,0.021974967,0.021974967,0.025989894,0.041024961,0.020234251,0.021747982,0.027435164,0.040368929,0.018633016,0.025989894,0.037140995,0.004768428,0.021390763,0.033698763,0.016679858,0.027700525,0.021548157,0.020563823,0.030786647,0.018633016,0.001036539,0.022894304,0.000824888,0.002584335,0.017010018,0.02264939,0.019422946,0.000824888,0.002584335,0.006649121,0.000615455,0.018633016,0.008725209,0.02834677,0.015829904,0.018164134,0.022590595,0.017713383,0.02242121,0.001036539,0.019945287,0.030996864,0.031216838,0.015770453,0.024319197,0.038619135,0.020327311,0.015770453,0.015770453,0.033277003,0.017632599,0.046885462
G16,0.0,0.037496363,0.084953656,0.099308045,0.077127811,0.080453187,0.060985454,0.056936628,0.107579044,0.067853195,0.090600658,0.086827352,0.086361704,0.097971893,0.066384333,0.103039113,0.0,0.080243747,0.079969891,0.106554681,0.073655069,0.002907879,0.12227971,0.133742559,0.085871808,0.06893795,0.04166069,0.066067227,0.06038725,0.082704516,0.04291455,0.108318093,0.015798277,0.075385353,0.021473803,0.023716271,0.038288909,0.022283185,0.06679228,0.045983502,0.028295862,0.021442345,0.094145758,0.044013631,0.108047543,0.043648677,0.117532968,0.060210816,0.093672122,0.113954391,0.159559812,0.063893931,0.061950096,0.087032593,0.103878831,0.095851794,0.097373763,0.091076869,0.081424841,0.103097043,0.094820421,0.057857266,0.103135345,0.051061914,0.082832536,0.096583988,0.114401267,0.014920887,0.110860476,0.140314395,0.042481922,0.065596469,0.025511353,0.050066817,0.076371624,0.088657765,0.025727107,0.049606778,0.016936515,0.025071081,0.040530093,0.071648955,0.024843013,0.033685102,0.053076783,0.042460778,0.06664426,0.089488432,0.039529375,0.0550343,0.07623755,0.056760734,0.079807873,0.081452228,0.132507167,0.049791331,0.09934421,0.053584119,0.070580201,0.065394917,0.021980153,-0.000549892
G17,0.0,0.044150289,0.083640065,0.170571044,0.16836569,0.091229305,0.085747538,0.081152317,0.08865913,0.097953043,0.15897273,0.11894763,0.157359327,0.151260735,0.067294076,0.067294076,0.080243747,0.0,0.118704878,0.089373794,0.084305122,0.011360782,0.106604701,0.082208207,0.075369359,0.110439096,0.068610319,0.085209885,0.082944308,0.048762345,0.027684875,0.126148208,0.036906109,0.077759679,0.049682573,0.06157735,0.054568475,0.045180676,0.112430373,0.114438301,0.022328366,0.020715372,0.12481698,0.04287247,0.063489136,0.114386203,0.083294884,0.099563615,0.091159632,0.101732442,0.18617518,0.040758201,0.082815264,0.121040929,0.047017969,0.082155669,0.062769571,0.101287458,0.111773755,0.068164462,0.060010323,0.068408281,0.118860029,0.048022282,0.085037751,0.108375164,0.054566978,0.070136461,0.11142147,0.096268061,0.026234057,0.043095106,0.019662397,0.076482956,0.033078384,0.060826315,0.024185205,0.024894878,0.033455301,0.091667706,0.030072314,0.120482302,0.003600193,0.049979296,0.086997221,0.144004957,0.116841595,0.114739232,0.102607464,0.036309276,0.100916226,0.016522919,0.053842114,0.067820148,0.171396019,0.073918646,0.140589676,0.04081531,0.072439624,0.118182867,0.025177831,0.137102868
G18,0.0,0.130112145,0.117108043,0.09002495,0.075125161,0.069201055,0.051955536,0.032757596,0.117820852,0.032933535,0.093156096,0.106386685,0.140400905,0.065692479,0.023971411,0.023971411,0.079969891,0.118704878,0.0,0.059514076,0.032506516,0.048322871,0.109058547,0.131681382,0.135181035,0.141715285,0.022080393,0.042294869,0.131637591,0.113054298,0.04815526,0.143452731,0.012503007,0.020389974,0.027156754,0.010952757,0.017142733,0.123118269,0.05779492,0.035413359,0.072386589,0.017662876,0.0902849,0.081935433,0.148460543,0.063938336,0.116154674,0.085123762,0.100599828,0.101228774,0.095760935,0.047846583,0.051464539,0.083673176,0.129095358,0.041547824,0.103998392,0.07730627,0.147558072,0.09511186,0.1076301,0.099636856,0.128520847,0.079637453,0.101784763,0.057634232,0.105471672,0.076812064,0.149928868,0.101136889,0.055072713,0.076975961,0.061485749,0.088590794,0.10250795,0.120859931,0.063920505,0.085581174,0.024761284,0.071822801,0.025221645,0.110235734,0.071968945,0.128396946,0.106014501,0.04852079,0.044454184,0.057362706,0.041255432,0.127309447,0.091658285,0.034640463,0.041920444,0.037087196,0.045997001,0.035347131,0.055255499,0.124047377,0.060203182,0.030870277,0.009581387,0.059454194
G19,0.0,0.060589745,0.083171615,0.073762385,0.117599353,0.051510754,0.052659119,0.052660946,0.100730263,0.059644456,0.097851281,0.103430577,0.125910034,0.129603593,0.064930132,0.064930132,0.106554681,0.089373794,0.059514076,0.0,0.152713472,0.018827412,0.089895737,0.059840757,0.134459639,0.090599284,0.037818999,0.024933065,0.077869907,0.046135323,0.013183382,0.087989761,0.004029609,0.044992608,0.072461117,0.013031863,0.029805298,0.016132337,0.103379464,0.079749572,0.05931019,0.033796175,0.037185131,0.072092095,0.126684704,0.034309221,0.068619805,0.027783863,0.075263165,0.149352873,0.07508818,0.03117088,0.049511195,0.052446701,0.08544741,0.018652897,0.094665969,0.093611369,0.10773091,0.144165627,0.103805857,0.095145934,0.063775783,0.152725331,0.109778399,0.026929862,0.065655977,0.113627367,0.096363703,0.056721251,0.00929066,0.06533207,0.031912431,0.058793439,0.036345216,0.061617536,0.042630325,0.013049487,0.054607195,0.069501715,0.055522294,0.127369354,0.024595051,0.127181805,0.044242036,0.064872204,0.050105579,0.054403663,0.071517245,0.017130408,0.065492024,0.016710222,0.034961705,0.035189612,0.134550306,0.121127051,0.01736977,0.048086396,0.05376034,0.03162449,0.037426585,0.024130591
G20,0.0,0.027333184,0.062101831,0.054503851,0.077333851,0.08290331,0.042673182,0.049230312,0.095745616,0.067722336,0.118254604,0.082370738,0.088241328,0.098434979,0.03732068,0.03732068,0.073655069,0.084305122,0.032506516,0.152713472,0.0,0.005412004,0.041134498,0.021539776,0.133530596,0.073042457,0.026689664,0.037601666,0.065763737,0.015180543,0.025721362,0.107331961,0.000515583,0.013794528,0.036179565,0.017710922,0.019772631,0.027627928,0.06972317,0.048954653,0.01935194,0.002408203,0.046462594,0.076680625,0.093526275,0.068921615,0.041277188,0.051843031,0.020721723,0.073246327,0.141454654,0.052291483,0.03711256,0.065596234,0.046535436,0.028697744,0.031829895,0.079877206,0.056080878,0.165116607,0.131711146,0.160658348,0.106356649,0.157685544,0.124478156,0.046953708,0.018095684,0.057378983,0.05135095,0.064794033,0.002632795,0.019138824,0.002095026,0.03067524,0.004540794,0.110187273,0.050288705,0.002095026,0.141711048,0.138981834,0.139742168,0.053142826,0.012343065,0.080204824,0.038010383,0.077116814,0.053665368,0.045980097,0.057278465,0.002632795,0.027312853,0.017256004,0.035025896,0.044700724,0.12845265,0.075184208,0.026068098,0.040376644,0.020039383,0.054446901,0.022238132,0.074600692
G21,0.0,0.02514939,0.002895394,0.036168531,0.016159609,0.0214366,-0.002316524,0.017101247,0.0225709,0.010199725,0.004939478,0.023666844,0.047650001,0.004305894,0.025564834,0.00212975,0.002907879,0.011360782,0.048322871,0.018827412,0.005412004,0.0,0.034318916,0.009950472,0.018769415,0.033752026,0.011550969,0.018784495,0.048746602,0.014321598,0.015441899,0.050310719,0.0010592,0.0241244,0.01973917,0.051378018,0.006517168,0.027105236,0.004573381,0.005366852,0.006609291,-0.002316524,0.009347818,0.024277698,0.01797308,0.018007576,0.000563161,0.014492753,0.015888024,0.016271455,0.045636163,0.0511669,0.023666548,0.024317606,0.017274008,0.043492219,0.054134573,0.028896956,0.038866717,0.019208485,0.016983986,0.025011167,0.048903456,0.008032525,0.035562768,0.028662336,0.016068751,0.013937066,0.012581038,0.018400597,0.005412004,0.027809727,0.004305894,0.013517971,0.009360736,0.011097083,0.023605756,0.004305894,0.002045858,0.039796476,0.003211897,0.025976803,0.006250228,0.08568581,0.011300545,0.024572096,0.032369427,0.062811206,0.0078656,0.06489711,0.027717403,0.01043765,0.031258516,0.010002936,0.021721904,0.042009148,0.078027356,0.061098529,0.029468897,0.036232247,0.060497792,0.105735066
G22,0.0,0.155514543,0.117024613,0.070114196,0.202247908,0.119121785,0.043149487,0.102624873,0.142816571,0.071086914,0.154681669,0.10907477,0.179222521,0.122534905,0.058862624,0.052344117,0.12227971,0.106604701,0.109058547,0.089895737,0.041134498,0.034318916,0.0,0.18538685,0.109902216,0.159077211,0.080949502,0.076878838,0.085163518,0.098080553,0.063729206,0.15389028,0.010306538,0.071846715,0.023194455,0.069247612,0.031723771,0.125301081,0.066939977,0.038836138,0.044696458,0.01439067,0.098047003,0.050897507,0.125521216,0.114150558,0.100939812,0.123053578,0.167827666,0.151792715,0.140258174,0.07415131,0.113096661,0.163466083,0.135826243,0.080352629,0.157425475,0.109373841,0.124910801,0.149418824,0.203655461,0.053425477,0.131887524,0.08953662,0.098027,0.109150669,0.163758505,0.129855891,0.120260528,0.107935856,0.082316042,0.088418757,0.068081175,0.113200185,0.092224158,0.088422325,0.080364031,0.073313656,0.01759221,0.020714894,0.031481214,0.160060323,0.087406622,0.07138158,0.129754799,0.091353906,0.159862779,0.069204499,0.165038813,0.084092866,0.105837823,0.038461646,0.075010973,0.073735065,0.131182065,0.101034283,0.008986486,0.069948888,0.076235254,0.043682472,0.101812753,0.136792277
G23,0.0,0.172783252,0.173556511,0.149313352,0.212060508,0.149581914,0.071755243,0.066847684,0.195539817,0.03376622,0.156499935,0.057080743,0.145465468,0.087273522,0.048963208,0.048963208,0.133742559,0.082208207,0.131681382,0.059840757,0.021539776,0.009950472,0.18538685,0.0,0.22179442,0.200895697,0.050594221,0.112051926,0.105218945,0.20722404,0.060060111,0.093900642,0.005311389,0.060516278,0.023687987,0.073813691,0.120326448,0.184815949,0.053466633,0.03700563,0.081495772,0.019611547,0.029614667,0.072384056,0.090062816,0.091075932,0.109193717,0.191692137,0.208708042,0.182781689,0.13966396,0.123239494,0.073249949,0.067688091,0.125690485,0.128377248,0.08737708,0.129328789,0.089465577,0.174654784,0.225284735,0.176299356,0.174179186,0.038841453,0.120266316,0.059065032,0.142174433,0.132859356,0.224239829,0.188341552,0.174459459,0.185189159,0.18157461,0.217302507,0.212109511,0.20684,0.205220432,0.205670035,0.064925173,0.021587373,0.022649244,0.122176808,0.053528887,0.080491886,0.052741718,0.081603444,0.078501349,0.041139233,0.091881305,0.210571106,0.060330882,0.095104704,0.057563746,0.049591182,0.174509557,0.100165095,0.08055102,0.060065264,0.05106929,0.063969986,0.091664257,0.169397975
G24,0.0,0.19695252,0.196808402,0.079334968,0.228959469,0.148730706,0.02583658,0.10456977,0.194116883,0.038281566,0.15924008,0.080850055,0.09617077,0.045599522,0.013266826,0.013266826,0.085871808,0.075369359,0.135181035,0.134459639,0.133530596,0.018769415,0.109902216,0.22179442,0.0,0.265776887,0.109294178,0.069291628,0.202439529,0.230227573,0.055226906,0.183040956,0.012158111,0.10480059,0.035093586,0.11587915,0.118672254,0.233559612,0.029319256,0.082717566,0.0621819,0.031908429,0.099803931,0.112111658,0.232828221,0.095759646,0.092226293,0.218055559,0.248418874,0.107976091,0.272335169,0.147455641,0.093930675,0.13472577,0.204601833,0.107884751,0.089266259,0.065721683,0.151843239,0.358079868,0.403550661,0.374655686,0.334587558,0.165095478,0.218534031,0.086110802,0.134167155,0.168941322,0.248520107,0.226603935,0.163654741,0.23443514,0.200437554,0.205848937,0.231687451,0.355506705,0.182719046,0.18157461,0.191083322,0.158931454,0.163837593,0.169585775,0.058642963,0.120501548,0.076574632,0.110105298,0.133824676,0.05225646,0.108708212,0.187750166,0.096249629,0.11937779,0.062490072,0.109468458,0.24626988,0.158532445,0.093429444,0.059481043,0.09939012,0.103460824,0.111505775,0.17975857
G25,0.0,0.205483031,0.197481771,0.132049289,0.260163994,0.126125297,0.011159286,0.086974927,0.187044383,0.092682001,0.147890982,0.10665964,0.121150071,0.094812728,0.016679858,0.016679858,0.06893795,0.110439096,0.141715285,0.090599284,0.073042457,0.033752026,0.159077211,0.200895697,0.265776887,0.0,0.056621437,0.086249237,0.135997377,0.202130006,0.013098656,0.102173679,0.008274145,0.039737581,0.039572275,0.120114075,0.108541488,0.173257083,0.091205987,0.117996115,0.103487592,0.051939654,0.091947111,0.088846259,0.144842173,0.053223256,0.09002556,0.217984367,0.206721231,0.162524905,0.128834827,0.078460048,0.089569809,0.084627623,0.112509735,0.124033728,0.145056266,0.195053295,0.115021913,0.185769052,0.246557009,0.216914722,0.17126728,0.101922803,0.11829212,0.075370006,0.155316542,0.205065813,0.225259447,0.186831976,0.122214597,0.191496714,0.129985779,0.154988087,0.17054577,0.221432932,0.164378872,0.154081204,0.099567435,0.080683039,0.047209034,0.135685854,0.073639096,0.153682268,0.152325558,0.164428419,0.160425369,0.128197034,0.196530176,0.161945032,0.079117599,0.069487335,0.065976331,0.091870623,0.10433235,0.178573371,0.084763244,0.137132557,0.09781995,0.087677058,0.073969541,0.059420501
G26,0.0,0.105625406,0.073781467,0.072590702,0.099718973,0.048922509,0.025938716,0.069464557,0.091225672,0.007422778,0.034054565,0.11190637,0.116920383,0.036871003,0.037855619,0.018126552,0.04166069,0.068610319,0.022080393,0.037818999,0.026689664,0.011550969,0.080949502,0.050594221,0.109294178,0.056621437,0.0,0.056808694,0.075359572,0.065204711,0.073867311,0.064736568,0.061001534,0.115123509,0.083603987,0.119424272,0.055447781,0.037844928,0.000863497,0.021057998,0.062947973,0.046216235,0.043159755,0.072079496,0.100401012,0.007888228,0.019857492,0.056445005,0.048440945,0.060597968,0.092677088,0.040178319,0.01508766,0.066852431,0.091526216,0.031862451,0.066684566,0.093142287,0.05091869,0.08282555,0.048207432,0.085214244,0.061021405,0.07130775,0.107898397,0.038194237,0.04670318,0.049447016,0.06974227,0.018946065,0.012011233,0.075805538,0.037999032,0.059868314,0.059163508,0.071215003,0.094092551,0.019136089,0.068172181,0.039153646,0.033273992,0.068026369,0.038714049,0.07988277,0.047837914,0.014118519,0.115515574,0.0565145,0.110628058,0.029915299,0.034336404,0.022349756,0.005233412,0.034319487,0.063803655,0.053930753,0.03723555,0.049785552,0.102050334,0.072898407,0.005793663,0.060891407
G27,0.0,0.10319048,0.048711298,0.134795501,0.099687725,0.068505935,-0.001527776,0.039082066,0.031901621,0.035101259,0.04510718,0.058537394,0.093624495,0.031142599,0.015330804,0.015330804,0.066067227,0.085209885,0.042294869,0.024933065,0.037601666,0.018784495,0.076878838,0.112051926,0.069291628,0.086249237,0.056808694,0.0,0.098396596,0.106128736,0.10297842,0.197315852,0.042138591,0.08910414,0.076932836,0.069281876,0.038658365,0.007452969,0.028919828,0.110820424,0.099531853,0.035033186,0.053236954,0.077614199,0.133560834,0.043793756,0.067035457,0.012782848,0.055722385,0.10204873,0.151897438,0.04398013,0.013467878,0.041173702,0.087360116,0.038127627,0.075592277,0.116452424,0.057083236,0.075065878,0.064192054,0.068554657,0.107408462,0.050019844,0.088946376,0.070180423,0.07514676,0.086730773,0.076442858,0.056113411,0.024453617,0.100309371,0.016817082,0.032625831,0.062567414,0.089829116,0.012188848,0.040912507,0.062236722,0.053048419,0.046542093,0.064096023,0.050425613,0.090931528,0.051148955,0.064838719,0.101978941,0.053755799,0.065529083,0.067795581,0.067815425,0.054850019,0.03911962,0.042490532,0.173017092,0.096695843,0.050511706,0.116811444,0.065106908,0.052357572,0.038425043,0.115807033
G28,0.0,0.142969041,0.111529844,0.109455061,0.155041251,0.0610495,0.045235416,0.095656245,0.137178217,0.056915638,0.089403493,0.054276078,0.065801774,0.03871733,0.021974967,0.021974967,0.06038725,0.082944308,0.131637591,0.077869907,0.065763737,0.048746602,0.085163518,0.105218945,0.202439529,0.135997377,0.075359572,0.098396596,0.0,0.057418379,0.098707857,0.193399412,0.010886451,0.063395421,0.034358323,0.076280577,0.14147239,0.128180538,0.102303301,0.008052537,0.096557001,0.035762792,0.112518906,0.115378782,0.127135827,0.109987993,0.087352497,0.096054187,0.172451619,0.087109811,0.15820554,0.134157714,0.088278456,0.072756535,0.117437533,0.144634882,0.170595166,0.11076104,0.036537712,0.180901868,0.142703072,0.203752851,0.151419804,0.150699035,0.217655852,0.076825899,0.140250457,0.095901872,0.131456176,0.126291099,0.069122889,0.079722351,0.027394616,0.049804863,0.068752074,0.137811279,0.146805059,0.051490041,0.113617737,0.119968695,0.090045397,0.080948506,0.045481641,0.09355463,0.112483263,0.077129673,0.106108525,0.019428277,0.16969355,0.060318518,0.083766975,0.119545862,0.190815682,0.106684327,0.25636012,0.182980989,0.116322014,0.178148998,0.04921413,0.059205622,0.087689594,0.258195173
G29,0.0,0.190941724,0.160846914,0.083441018,0.197601607,0.047172894,0.01289154,0.06597834,0.180513549,0.083909488,0.134892661,0.060565823,0.040270787,0.032291864,0.016119761,0.016119761,0.082704516,0.048762345,0.113054298,0.046135323,0.015180543,0.014321598,0.098080553,0.20722404,0.230227573,0.202130006,0.065204711,0.106128736,0.057418379,0.0,0.09714166,0.112332813,0.042138591,0.095021314,0.061609426,0.078154929,0.079903678,0.195514782,0.04393271,0.002975239,0.025426679,0.016927907,0.019490297,0.067331322,0.115069732,0.033205821,0.084563235,0.167106663,0.180374602,0.103778749,0.120719203,0.075874674,0.078625852,0.084457627,0.130572903,0.083296789,0.096780399,0.073346399,0.099168627,0.167665053,0.206925322,0.175701998,0.207271862,0.088815591,0.09756456,0.047827591,0.167191174,0.196167876,0.205474376,0.244762742,0.169283326,0.191393142,0.18157461,0.206614703,0.229197464,0.226238621,0.16196572,0.205670035,0.074575537,0.032392827,0.02310278,0.126018895,0.099275097,0.023905054,0.048320046,0.10633762,0.116655872,0.039451568,0.05837359,0.214498512,0.053126314,0.047558944,0.083680505,0.067527557,0.068709283,0.095381568,0.079412773,0.032001468,0.065503533,0.044110894,0.047453237,0.142459867
G30,0.0,0.091661381,0.069533743,0.062498946,0.050459173,0.062666353,0.028971586,0.031202506,0.072992454,0.060663316,0.109102126,0.037189004,0.093328193,0.035407035,0.016219986,0.016219986,0.04291455,0.027684875,0.04815526,0.013183382,0.025721362,0.015441899,0.063729206,0.060060111,0.055226906,0.013098656,0.073867311,0.10297842,0.098707857,0.09714166,0.0,0.094221525,0.042138591,0.069065138,0.074229404,0.081045824,0.025262339,0.026147268,0.051174509,0.044161269,0.089810056,0.024278637,0.057752359,0.102685585,0.077317758,0.034946209,0.101255438,0.047753896,0.069164329,0.162610232,0.084956177,0.056195379,0.022958783,0.081593161,0.13428763,0.08807618,0.101222777,0.08675962,0.051685857,0.091169304,0.057101959,0.054260928,0.087682189,0.038739982,0.04219594,0.068625343,0.048362496,0.073113702,0.050265289,0.058639727,0.048161779,0.038237102,0.006433506,0.039974791,0.063463058,0.076970236,-0.02356596,0.030528931,0.038912335,0.03631912,0.030434393,0.078570349,0.003809638,0.063487209,0.048023759,0.046241087,0.100779096,0.000395419,0.018575674,0.05361185,0.096114544,0.02849329,0.038855722,0.081553803,0.118235676,0.081134621,0.099587593,0.099812371,0.08635456,0.0290597,0.077553292,0.16320841
G31,0.0,0.148650964,0.106003922,0.113093673,0.152895044,0.040337476,0.032153741,0.086718103,0.095536999,0.041516768,0.175674276,0.07247271,0.110914481,0.05940125,0.036463319,0.048849863,0.108318093,0.126148208,0.143452731,0.087989761,0.107331961,0.050310719,0.15389028,0.093900642,0.183040956,0.102173679,0.064736568,0.197315852,0.193399412,0.112332813,0.094221525,0.0,0.061001534,0.14938019,0.070664961,0.110722945,0.102199477,0.072329564,0.026484964,0.041012952,0.048322221,0.030796349,0.085197524,0.112803478,0.301125827,0.079241116,0.063271173,0.148626287,0.09131183,0.11855537,0.203284394,0.052342402,0.093426227,0.117473909,0.194104948,0.16951299,0.114010536,0.096252698,0.090828934,0.215217857,0.195352224,0.209433672,0.254348994,0.180015548,0.224797087,0.027166928,0.106368328,0.186070061,0.142996622,0.096882771,0.051092288,0.139846228,0.032907736,0.064084698,0.086190157,0.22094417,0.033919912,0.057003161,0.147084497,0.10514054,0.120879225,0.168813763,0.045656289,0.06025913,0.120103756,0.077470013,0.067140854,0.045226164,0.084561608,0.06909585,0.073010439,0.060304007,0.076997133,0.129418452,0.275262117,0.171969441,0.065632245,0.085533072,0.07450916,0.132599818,0.110140245,0.217992083
G32,0.0,0.012860225,0.015798277,0.024606646,0.017380886,0.012860225,0.001516428,0.011189528,0.006204863,0.001753128,0.010028725,0.018594869,0.008744842,0.000410318,0.000203054,0.000203054,0.015798277,0.036906109,0.012503007,0.004029609,0.000515583,0.0010592,0.010306538,0.005311389,0.012158111,0.008274145,0.061001534,0.042138591,0.010886451,0.042138591,0.042138591,0.061001534,0.0,0.061001534,0.061001534,0.042138591,0.027293392,0.008988769,0.00224403,0.005141889,0.008988769,0.001516428,0.007607204,0.042138591,0.061001534,0.009495233,0.008274145,0.009238795,0.009238795,0.014867204,0.010592291,0.009758421,0.008506724,0.016825045,0.010306538,0.012860225,0.008274145,0.008506724,0.009238795,0.005659259,0.008274145,0.002370616,0.012503007,0.023493237,0.023493237,0.007824612,0.006781964,0.012158111,0.007394422,0.016825045,0.000515583,0.003733286,0.000410318,0.001285201,0.01323068,0.010592291,0.010028725,0.000410318,0.001285201,0.003304641,0.000306149,0.009238795,0.011824715,0.014432285,0.028967862,0.009758421,0.012158111,0.005311389,0.015798277,0.000515583,0.012860225,0.008506724,0.007824612,0.007824612,0.025859921,0.025859921,0.021581216,0.007824612,0.007824612,0.010886451,0.008744842,0.023493237
